0.180823
0.209975
-0.560895
-0.285225
-1.75674
0.859722
-0.642248
0.107171
0.60579
-1.47852
0.860661
-1.23913
0.63908
0.647921
1.04908
0.669186
0.55526
1.23388
-0.0106341
-0.299539
-1.33562
-0.697911
-0.305134
-1.48028
0.800394
-0.200947
-0.125946
1.73416
-0.143351
-2.15632
-0.2628
0.322917
-0.396691
0.90644
0.316193
-0.492406
-0.613354
-2.69017
0.0381657
1.07426
-1.16353
-1.38741
-0.158718
-0.127175
-0.546435
-0.99699
-0.556449
0.325065
-0.933231
1.43342
0.310655
1.78405
-0.958377
-1.83241
1.5213
0.756159
1.66375
0.604621
-0.100234
-1.65173
-1.23984
-0.0291118
-0.116536
-0.228702
-1.38213
0.266385
0.541361
-0.937945
-1.03702
-0.744411
-0.422018
-0.291532
-0.725283
-0.398561
-0.167381
1.46697
-0.769696
1.42153
0.519775
-1.45198
-1.39965
-0.355496
2.2012
-2.02514
0.564176
-2.41063
0.102322
-1.10681
0.609799
-1.14903
-1.08527
-0.78155
-1.82891
-0.255716
-0.89712
0.100377
0.342461
0.0384087
-0.520371
-0.66814
-1.16626
-0.0851129
0.366268
1.30691
0.802709
1.63994
0.659384
-0.195272
-1.37719
-0.384856
-1.33486
0.988193
0.458351
-0.831528
-0.417081
-0.0837988
0.600404
-2.69019
0.917796
-0.605023
-1.51506
-1.38439
-0.573441
1.33921
0.543374
-0.988581
-0.636456
0.529471
-1.83303
1.39832
2.16338
-0.491654
-0.294284
-0.0740178
0.291951
-0.153456
0.0366172
0.820052
-0.183646
1.91638
-0.432717
-1.95597
-0.817389
-0.292807
-1.53215
-0.100013
-1.03265
-0.0611661
-0.825833
0.813341
-0.16867
0.0944672
-0.457427
-0.976919
-0.275701
1.22439
0.20197
1.26419
0.868138
-0.0478623
1.57636
-0.462988
-0.0848242
0.622972
3.18607
-0.306843
-2.01088
-0.850208
-0.958923
0.639464
1.52875
0.299559
-0.142782
1.01702
-0.759804
0.518959
-0.0720464
0.157954
-1.74788
-0.151857
-0.146531
0.382082
0.747888
-0.418748
-0.437304
0.760473
-0.860965
1.20292
-0.469016
1.15162
-1.00732
-0.52022
-0.896403
1.97676
-0.593956
1.61393
0.335974
1.01351
-0.133746
-0.535868
