-0.0130831
-0.100935
-3.10801
0.557523
-0.331498
1.52235
-1.25786
-0.422735
-0.442956
1.26806
-0.651094
1.84082
-1.29323
0.197967
-0.928963
0.911787
0.730961
-1.38045
-0.564225
1.20889
-0.661583
0.669285
-0.718644
-0.917002
-0.874141
-0.407176
-0.400051
-0.47967
-1.62461
-0.0148768
-0.612575
0.218135
0.205595
0.767109
0.053981
1.16237
1.50697
-1.22626
0.10064
-0.705189
2.23489
0.780731
0.544004
0.635375
0.305145
0.499445
-1.63302
-0.300005
0.812128
0.456982
1.56256
1.52455
-0.742336
0.43065
0.877331
1.09578
1.37377
-1.11554
-0.231047
-2.39952
-0.740984
-0.0616826
0.964979
-1.95717
-0.260837
0.616355
1.34614
-0.117852
-0.576986
-1.08041
-0.943034
0.987431
0.402161
-0.222453
-0.620295
-0.808216
-0.545032
0.859
0.682785
0.570115
-0.540595
0.519371
-0.315586
-2.22282
0.364215
-1.01163
-0.448937
0.489343
0.735292
0.176826
0.658365
0.479025
-0.585008
-0.553184
-1.10697
0.559256
-2.069
-0.491338
0.402776
-0.441427
2.03808
1.35623
-1.47919
2.64955
1.14276
-0.255241
1.97811
0.835528
0.992581
0.343141
0.323856
3.51462
0.890427
-0.829705
1.43541
0.729182
1.03539
2.10926
0.603801
2.2192
1.50114
2.77522
0.615438
1.85811
1.13658
0.949682
-0.769288
2.6458
2.82806
1.87957
1.87013
-0.588063
0.0519217
1.93094
0.469469
2.31982
-0.443809
1.56893
-0.0478247
-0.796226
1.14421
0.872765
1.93869
1.21652
0.305079
0.89451
0.192148
-0.138108
0.616449
1.91769
1.01682
0.0666061
1.24993
1.98928
0.897265
-1.02799
-0.0734617
0.0110302
0.24082
-0.387234
0.935779
2.4751
1.78495
0.56067
0.0412572
0.214023
0.135124
1.22463
0.255401
0.4124
1.4054
1.14615
1.52324
0.470683
-0.050104
1.97181
-0.369262
1.61165
1.9721
1.4984
0.70294
-0.538835
-0.161882
1.18297
1.6013
0.108394
1.7006
-0.370031
1.1188
0.94113
0.779235
0.683517
1.12675
2.03813
2.34411
0.975855
1.84336
1.55944
-0.60781
0.983592
1.1976
3.07472
3.47383
2.23185
0.678508
2.70513
2.45186
1.39745
2.73203
1.6755
2.00002
2.47715
3.55713
0.978534
3.47103
2.43574
2.34307
0.414284
4.02174
1.05965
2.40567
3.0195
0.948455
2.30633
-0.0237236
2.38976
3.22788
2.66173
3.63031
1.13073
2.30958
3.48838
1.2754
3.38965
2.03735
1.93063
1.3186
0.956646
3.25427
3.58209
0.930718
1.59759
1.16346
2.57301
0.449797
1.24774
2.64727
1.77164
1.61497
2.85949
-0.093755
0.881062
2.92748
1.85966
2.09848
2.32907
2.76717
1.01046
1.43948
2.6671
2.0408
1.28712
2.37365
1.87937
0.614592
1.22959
2.24662
3.53051
3.06627
3.29297
1.56102
0.211932
2.89906
1.66887
0.303738
2.4318
2.14908
2.16484
2.53812
2.23728
1.27018
2.41223
2.38744
1.89503
3.41294
2.35429
1.85143
3.19285
1.29572
1.08407
-0.0278113
3.0837
1.39621
1.36623
0.664839
1.10038
1.54207
2.10642
2.58643
3.3109
2.58754
1.84901
2.88356
2.47866
2.2121
3.58819
2.58574
3.04658
2.3382
3.80205
2.43003
4.05032
3.16395
2.32136
1.60893
4.46651
3.45408
2.36374
4.7003
1.45367
3.32542
3.30687
1.83928
2.14607
2.56971
2.73622
1.9269
4.0415
3.54826
2.85683
3.70327
4.73371
2.94141
4.20806
2.07397
2.48896
1.75445
1.99333
4.41773
2.49642
5.06861
2.97243
2.58764
4.01035
2.94937
1.18381
3.57763
3.15368
3.36169
3.08901
2.11334
0.835196
3.00259
4.69306
2.65801
3.53395
3.4776
1.95665
3.12328
4.06545
3.7471
1.70814
3.75282
2.02224
2.31909
2.71157
1.35427
2.74115
2.87495
2.32621
3.02051
2.59357
3.67054
1.6202
3.89319
4.45023
5.09152
3.93498
4.41725
3.18279
2.74052
3.13988
3.98221
2.67733
4.86282
1.55799
2.81264
4.58144
0.479383
3.0613
2.40261
1.83575
2.83832
1.0168
2.14718
3.34979
4.33646
3.13999
3.73022
2.53282
3.86328
4.86794
4.23523
2.45704
6.63034
2.75796
1.57432
2.83183
4.68417
3.94848
4.01999
1.21757
5.13718
5.59987
5.83975
4.70183
3.22587
4.3447
3.13095
4.26074
5.14081
4.34206
4.58034
4.50027
3.06671
3.95767
3.45373
6.24724
3.88821
5.20695
5.11066
3.96477
3.36754
2.41241
2.55562
4.72794
2.2625
3.43915
3.98179
4.62439
2.85128
3.21213
2.86981
4.02813
4.19554
4.45227
4.17531
4.09584
4.5281
3.68617
3.19005
5.21202
2.35017
4.65332
2.04976
2.6078
2.80533
4.19478
2.71355
5.27609
2.23594
5.73499
3.38325
5.69685
4.04059
6.6587
5.24246
3.46718
1.76166
4.3038
3.31066
3.05697
5.36147
3.00662
4.94987
4.49751
4.18888
3.46696
4.24736
5.52575
3.83026
4.90678
4.26791
4.69755
3.16228
2.44773
3.1179
4.96847
2.45418
2.24481
3.80721
3.8071
3.94213
3.84033
2.26156
4.23859
3.25943
5.76445
2.09548
3.16405
4.46233
4.22008
3.55502
3.06249
4.75254
3.89502
4.87988
5.28254
4.55884
3.92384
5.75321
3.52333
4.61223
4.54951
4.74664
2.89048
4.85571
4.96628
4.31386
4.32078
7.35267
2.99191
5.95579
6.70267
6.8196
4.89182
4.55723
6.42597
4.93283
4.70232
6.21132
5.95634
7.22725
5.32429
5.39716
5.19524
3.75402
5.94299
3.85291
6.51591
5.89196
5.17033
4.66688
4.47261
4.11538
5.26296
3.76254
5.19603
5.08457
6.60086
4.33935
5.36204
4.41649
4.87056
5.25754
5.70295
5.19285
5.16904
4.3089
3.37736
3.66775
6.3656
4.16614
6.4713
4.67856
6.6867
5.08243
4.29681
5.31116
4.36654
6.51748
3.72788
7.4014
3.69563
4.93618
3.75291
3.95074
4.77095
4.14116
5.16532
4.32425
6.17521
4.39703
4.56532
4.98281
4.4083
5.3394
5.98075
4.79897
5.17062
5.02467
4.38702
4.59285
3.39527
5.26181
4.52741
5.11431
4.71231
6.65932
3.04379
6.40096
6.00852
6.55631
4.96
4.04802
7.42633
6.37077
5.67844
6.4354
4.77808
5.5571
7.52636
5.68551
6.84659
5.43169
6.7506
7.69581
5.31032
5.21152
5.39904
6.24393
5.24868
7.2392
3.94452
4.77682
6.03936
5.54298
7.83363
8.07164
7.28059
5.12203
7.36309
6.21712
5.64394
5.35044
6.15065
6.41192
6.74674
4.74211
5.51191
7.13396
6.74604
5.41618
7.105
6.30333
6.88082
7.14751
4.22869
7.82557
7.66429
5.85253
5.7966
6.05942
5.95074
5.93943
7.19349
6.72606
5.25571
7.56105
6.74472
6.40397
4.8371
7.80139
4.94227
5.49137
3.87402
5.30201
5.55945
5.68942
6.55202
5.95953
6.70235
5.053
5.10468
6.66796
6.19857
7.3393
7.50683
4.64893
6.40242
5.28605
7.01039
6.74553
7.4204
4.19584
6.51046
5.09073
7.0361
5.38944
5.26511
8.32429
6.85537
5.22488
5.31625
6.40941
6.40928
5.75488
4.75082
7.80609
7.49592
7.4958
7.30815
8.82084
7.66884
6.13509
6.12717
7.03942
7.19727
6.6835
6.72923
7.13625
8.11954
7.62223
7.51614
5.27737
5.71971
6.48991
6.81315
6.74239
5.84139
8.31869
6.32293
7.77933
7.50773
5.26369
7.89266
7.55357
6.67209
8.66894
6.69641
7.51143
6.7997
7.43296
5.88701
6.63639
7.85139
5.50981
7.6747
6.71882
4.03657
6.06176
8.66533
6.79218
6.97492
7.65821
8.12099
6.30886
7.24935
6.68927
7.92011
7.26577
6.04067
6.67904
6.48041
6.70155
7.38381
8.17901
7.52793
5.82215
5.28241
7.53827
6.80784
6.92519
6.52609
7.65754
5.5692
5.02407
8.40365
6.76218
5.47966
5.81732
8.83152
7.33461
6.87026
5.56532
6.96022
6.20975
8.15737
8.29921
7.60415
6.18557
6.86435
7.1441
6.70499
5.96531
8.0431
7.23024
6.60862
5.26246
8.63682
7.26943
6.19024
5.75138
7.39546
7.2802
7.36193
9.04119
5.76345
6.26672
8.21005
6.79239
8.185
9.41145
9.05297
8.10047
8.27752
7.90339
6.73396
7.95251
9.35249
8.16864
10.2308
7.75447
8.9648
7.49444
7.45255
7.96986
7.82883
8.98891
7.36801
7.38771
8.50996
7.94061
7.28022
6.5445
6.27616
8.54164
6.66467
7.96197
9.95624
7.5573
9.09229
7.73178
5.88322
10.4901
6.68169
8.51499
9.51498
7.37926
7.2971
7.56727
8.47874
8.37738
8.26514
7.59891
9.07896
6.18155
7.19039
8.03687
7.46995
7.9387
7.26361
10.1067
8.89624
9.17763
8.43932
8.47845
7.87698
6.81749
6.96633
7.5822
8.75087
7.39912
7.41177
9.95976
8.73329
8.41918
7.46446
7.9477
7.42716
9.12323
9.35896
8.23913
8.39614
8.45857
8.3496
8.90426
7.15753
6.86438
8.1711
8.31165
9.28537
8.91164
8.58624
7.59797
9.25604
9.88663
6.99155
10.3283
9.78719
7.23384
7.81993
7.01865
7.61189
7.76383
9.44833
8.24962
8.114
8.45638
10.0486
10.4392
9.10807
7.56225
8.21827
9.81665
7.51092
8.29022
9.29601
9.26825
10.0631
8.71137
8.55116
9.07953
7.36379
10.0628
9.24773
7.62835
10.0167
7.39047
10.0904
11.5492
8.7322
9.19289
8.90443
10.2844
8.07413
9.49038
8.5379
8.90264
7.97914
9.71687
8.62998
8.55127
10.1863
10.8467
8.52026
7.78689
10.1106
9.93696
10.0685
8.35529
8.93617
8.2788
9.5351
9.51042
10.2587
8.10009
9.77688
8.6318
8.40055
9.65603
7.21339
8.82585
9.78099
8.94811
9.02429
7.55374
7.99218
9.47603
9.80543
10.1873
9.57235
8.7313
9.50317
9.67114
7.69384
10.0596
9.51659
9.24515
9.5477
9.97749
8.96159
8.27912
7.37982
8.33112
10.4889
7.91266
9.27665
11.1566
8.44639
10.0773
9.9133
9.85809
8.9554
6.72733
9.71157
9.55332
9.39866
8.73894
8.44003
10.2291
7.8731
9.16973
10.0713
7.14289
8.62242
9.38329
10.3084
7.95318
8.05506
8.97548
9.7977
12.4419
11.1999
9.06262
10.6833
10.2446
9.53645
12.6013
9.79469
10.9055
10.0394
9.39995
10.6434
9.6814
8.52067
10.543
8.83628
12.3523
10.269
9.14611
11.8882
9.75262
8.84625
8.74027
9.11999
8.20208
10.1502
9.1782
9.62991
10.1169
9.7701
10.3495
9.92422
10.8054
7.9892
10.9085
10.4199
10.514
9.50716
9.53905
10.8205
8.20224
8.49829
8.26361
10.8912
9.20027
9.83963
9.41636
11.1313
8.87413
10.4956
11.4516
8.3467
9.68689
9.44502
12.155
8.87621
10.2718
10.5736
8.92696
10.1438
8.77273
10.2862
10.7144
11.1969
10.2543
10.2724
8.61352
9.03531
10.4499
11.9121
10.2895
10.7432
8.50229
9.3336
9.89356
9.31677
9.76855
10.1788
10.6766
8.33593
9.71015
8.47446
9.53741
9.48624
10.3952
9.12623
9.26907
8.27162
9.27402
10.2405
8.25415
9.6713
9.31269
10.6982
9.95638
9.95202
10.6033
10.6783
12.2409
12.1856
10.5995
11.8806
10.2968
9.98078
10.7302
10.3519
11.4857
11.5729
11.8466
12.5506
10.4045
10.3729
11.1991
10.3913
9.53902
10.0783
10.501
11.0776
11.274
11.3639
11.0317
10.6501
12.4441
9.28774
9.84809
11.0493
9.90764
11.6201
10.936
12.5123
10.6322
10.3133
10.3454
10.1747
10.6912
10.275
10.7634
11.4432
10.4784
8.82666
10.3885
12.7694
7.57619
10.8335
10.4579
11.0678
11.946
10.743
11.085
9.7295
9.83441
10.8108
9.51221
10.2777
12.3207
9.55156
11.5534
10.2263
9.92652
10.1327
11.6771
11.2524
10.8622
9.62759
11.6843
12.3577
9.54117
9.89807
10.2272
11.3596
11.069
10.9928
12.5247
11.7215
11.383
10.2244
9.97105
11.2204
11.6
10.1815
11.1421
10.6517
11.9902
9.97149
12.0416
11.3882
10.4257
10.3583
10.0389
10.92
9.50036
11.695
12.2763
10.0575
12.0748
11.0283
10.5572
9.91468
13.1404
13.4321
12.4798
11.667
12.8319
10.7987
10.3589
10.0489
13.2571
12.8097
11.3603
12.6778
11.3675
13.4982
12.2836
12.1644
13.3582
12.6224
11.2705
11.0235
11.9988
12.6497
11.8249
12.2078
12.708
12.2391
13.0185
11.0457
11.5418
10.9005
12.5077
11.4954
13.5046
11.6566
11.1744
12.3166
13.3899
9.52304
10.5994
11.7314
10.6773
11.4714
12.6569
13.1659
12.6335
9.75287
12.115
14.2193
11.9469
13.9222
12.5666
11.7888
12.7743
10.6411
11.1883
11.4506
12.3045
11.905
10.6408
13.5962
13.5636
12.0863
12.1898
11.4914
12.1863
13.2571
12.4083
12.9455
10.8019
14.35
12.1243
11.2179
12.198
12.9848
12.6154
11.8281
13.3831
11.8882
11.9124
11.7957
13.9044
12.4579
13.6681
11.887
11.3663
11.1264
12.7109
11.6701
12.1867
11.6634
13.7291
11.5132
11.9903
12.9586
11.452
11.3113
10.6699
12.8225
11.2896
12.3733
12.3958
13.5827
14.7283
11.5519
13.9923
11.8858
13.0737
12.657
12.0506
13.8157
12.8024
12.529
14.9047
14.177
14.0048
12.729
12.7822
12.1916
13.8282
14.7241
12.8918
13.269
12.8943
13.0192
14.0608
11.2653
14.1483
12.5264
14.5793
14.0033
12.9743
12.8003
11.7737
13.8819
12.0609
11.9464
12.7427
11.2721
15.3072
14.7033
11.4453
12.7796
14.0764
13.5622
11.9491
14.1662
12.9695
12.4968
12.9315
13.4662
12.6922
14.589
12.276
12.2559
13.2104
11.7322
12.4029
13.1694
12.8191
14.3438
14.702
13.5128
15.3934
13.6514
13.0399
12.5674
12.6856
13.5458
13.1407
14.0454
14.6386
13.5853
13.4841
13.0727
13.2297
13.6548
12.7121
14.8137
13.4535
12.4757
13.446
13.5541
12.1673
13.2382
13.4385
13.9437
12.5566
11.6958
13.726
12.2772
12.9023
14.6628
14.8694
12.0471
13.8806
13.7937
12.7359
12.0468
15.1532
11.354
15.9542
11.6582
14.2668
12.2734
14.5169
13.1798
15.2148
14.6854
15.5527
14.0673
13.7421
14.6095
15.2347
13.3005
15.5377
13.2608
15.4918
13.5596
13.7599
14.4715
13.4954
13.0284
13.571
15.3041
16.6533
14.4996
14.7824
13.8564
12.67
13.1708
16.4573
13.8829
13.4861
13.2538
13.8343
14.1734
13.3903
11.5487
14.2803
12.4917
14.6835
14.7129
14.5328
15.0575
13.5381
15.1257
15.0806
14.5251
15.949
15.93
14.3328
14.5645
15.3602
13.9466
13.0529
14.0572
14.4115
14.6324
13.7652
13.5776
13.6867
15.4729
13.8944
13.2224
13.9965
15.9409
13.6658
13.5693
14.3211
15.7781
13.4923
14.1343
12.8354
15.296
10.875
14.76
13.7663
13.2739
12.497
13.7038
14.0213
15.1302
13.1571
14.4943
12.4823
13.5666
15.2422
15.6779
15.3119
13.7992
13.5993
15.0057
13.0069
12.8554
12.8175
14.4473
13.5145
15.0247
13.7217
13.3635
16.133
15.3083
15.7064
14.2722
13.941
16.3849
14.8483
16.3008
13.5129
14.1015
15.302
15.0271
15.4457
14.0715
15.3854
16.1309
15.7911
15.1341
13.2372
16.2049
16.1324
13.5769
15.6626
15.7167
15.5324
16.2454
13.4471
13.4523
14.4583
16.2966
15.6745
16.7181
16.3034
15.8677
13.7559
15.8407
15.5806
13.7777
15.6118
15.8012
13.5743
14.4925
15.8445
15.5344
14.4205
15.4911
15.7037
14.9883
15.1571
14.2004
15.6175
15.2959
14.1159
15.5384
15.2218
13.8054
14.627
12.9898
16.998
14.5273
13.8535
15.4954
15.2223
13.8272
14.503
16.3711
15.1301
14.5041
15.1408
14.8048
14.662
15.2185
15.3621
13.777
16.6844
15.6352
16.2681
14.7256
15.7936
16.1885
15.1078
14.5304
15.7305
14.9595
13.9732
15.8762
15.2487
16.2184
14.5905
15.3925
14.8202
13.2234
15.8242
14.1837
14.3082
15.0358
15.0302
15.8245
14.3068
13.3144
14.6454
18.1953
16.032
16.7881
16.8858
14.4148
15.8566
15.8382
14.6551
17.3184
16.5893
15.9648
15.0355
15.6689
17.7338
15.9267
15.2753
13.7187
16.439
15.7051
16.5296
16.5729
16.2536
15.7924
16.6029
16.5618
16.6937
15.9256
15.3663
15.7423
15.7857
16.4933
16.7589
15.3443
14.3847
16.2939
15.8065
16.1527
14.6458
13.6216
17.21
16.1944
14.724
15.4557
16.0778
16.1284
15.8477
14.5389
14.9922
15.9981
17.7085
17.1544
17.3823
14.4575
15.477
14.4006
15.6079
15.3078
15.4103
16.8137
15.5129
15.0094
16.719
17.5937
15.2562
17.6966
16.8007
15.7906
14.5656
15.247
16.3439
14.9828
15.666
15.9368
16.236
15.3343
16.796
16.3475
15.3895
15.8834
15.8978
15.7278
15.3876
15.3328
16.8793
15.2784
17.0591
15.0653
17.2471
17.0997
16.8155
17.1138
14.4384
15.9267
14.2206
15.5924
15.8266
16.7844
15.6133
15.4208
17.7443
18.6394
17.0636
16.5838
16.8733
16.4953
16.9444
16.9466
17.9365
18.0487
17.6708
16.8506
16.1912
17.8715
17.8627
16.8545
17.0569
16.2661
17.5391
16.3208
15.6272
17.3004
16.8859
17.1358
16.0509
17.4342
16.6297
16.1963
17.4444
17.1325
17.892
17.3886
17.4062
16.5444
15.5966
16.0499
17.2518
18.6532
16.8648
17.3674
14.1001
17.179
17.5575
15.4139
18.1187
16.2437
16.8372
17.8503
16.7788
16.3466
16.7723
16.6647
17.2631
17.019
18.1637
15.6702
18.3919
17.4014
16.6161
17.6412
16.4332
18.3062
17.3777
16.8786
18.385
16.241
16.6685
16.7089
14.0155
16.0362
14.5912
15.3564
18.97
18.2101
15.3826
17.599
15.5624
16.7163
15.75
17.6201
19.8081
18.3573
15.3313
17.0431
19.2342
17.5732
17.09
15.5182
17.2735
17.8717
17.6158
17.9519
17.8712
16.4466
16.3749
17.7191
15.1917
17.5751
15.3721
17.0596
16.4618
19.2294
17.0117
19.5634
17.5471
18.0434
18.1846
18.3415
16.66
17.2613
17.7205
18.6808
18.3579
18.1287
18.2352
18.0925
16.2085
17.4029
18.1293
17.7265
17.5738
17.2158
18.8809
16.2948
17.4128
16.4596
18.4157
17.7788
16.9204
18.274
17.7705
17.2579
17.8255
17.1563
17.188
17.0561
17.7793
17.5178
18.5261
18.7033
17.8951
18.2855
20.8827
18.0564
18.5881
17.9365
16.914
15.9328
18.5619
17.4726
19.1006
18.3149
19.0595
18.8739
16.7494
18.5703
18.2325
18.395
17.9045
16.9473
18.0562
16.6903
18.7035
17.7777
18.2258
19.1921
18.5226
17.7247
18.5394
19.4291
18.6887
19.0712
16.7405
18.0131
19.006
17.8454
19.9105
17.0144
18.8268
18.5324
17.8736
18.6603
17.2615
18.1718
18.4893
20.1026
18.7796
18.3159
16.2748
19.8456
19.4533
18.7382
19.245
18.2544
17.8895
17.1189
19.617
18.0373
18.0363
18.5493
18.1195
19.054
18.2454
19.5227
18.79
20.1378
18.1344
18.9036
18.5456
18.878
19.1916
17.183
20.3713
19.7231
18.9337
18.9456
18.4449
19.374
19.9399
18.3889
19.4637
20.1176
18.1968
20.7217
21.3155
18.0633
20.1258
19.4919
19.7586
19.1757
19.1049
18.28
19.274
19.1198
18.9942
20.0382
20.2091
19.2289
20.7719
18.1729
20.0682
19.4348
18.8683
18.2624
18.1415
17.0067
21.6575
20.1653
20.0256
19.368
17.2541
19.3204
20.2542
19.4649
19.4738
20.7368
17.5354
18.0524
20.6202
18.6969
17.6917
19.5783
17.1884
20.2866
19.9736
19.9052
19.4474
18.1022
19.2896
18.9987
20.7106
18.5018
17.8894
18.5588
18.0582
19.0054
20.7242
17.8045
18.492
17.8682
17.8161
17.5192
19.4194
17.8615
18.6316
18.8342
19.9978
18.2713
18.1793
18.6568
19.2791
18.0303
17.8661
18.4056
17.4601
18.9974
19.936
18.8672
18.4142
18.9257
18.1238
19.7836
21.013
19.3192
19.5291
21.2249
19.3563
18.7022
20.825
21.5503
21.3907
19.6573
20.0564
19.2416
21.1719
19.6123
19.6021
19.1994
18.7085
21.1535
18.544
20.7817
19.5526
21.5505
19.8939
20.3886
20.0809
20.897
20.6921
20.9281
21.0419
18.8902
22.3727
19.6968
20.282
20.3954
19.018
20.69
20.2654
20.1009
19.3589
20.6766
19.8769
21.9848
21.9123
20.3189
19.1096
20.2882
19.8001
19.008
22.1391
20.3841
20.3806
19.9487
20.8588
20.9897
19.894
18.2863
20.0189
19.4882
21.3536
20.7566
20.2125
20.2038
19.3292
19.6455
20.5744
21.3453
20.5444
19.8495
20.9026
19.6496
20.1441
21.2359
19.1132
20.3339
20.3351
20.1952
18.9616
19.5376
21.2506
20.7656
20.3554
18.929
18.9967
22.2275
21.2945
22.0073
20.7284
20.0315
19.4414
20.5179
18.942
20.3389
21.6357
19.0531
21.628
20.9968
18.7396
18.9312
21.6209
20.9226
20.387
21.2356
21.5257
21.4099
22.0984
20.5612
21.2801
19.5158
20.6365
22.0774
21.2041
20.7726
20.0212
20.6587
22.2394
20.8811
21.2685
19.8008
20.7075
21.6573
23.368
20.0687
21.2085
21.6955
22.2366
21.4505
21.5423
21.0182
21.0034
20.2249
20.7735
22.3814
20.7756
20.8779
20.281
20.92
21.0745
21.5919
21.6825
19.9903
21.9258
20.6003
20.2963
19.3863
20.3714
21.517
21.0546
18.9184
20.7869
19.8052
21.5861
22.5044
21.4186
20.9404
22.2231
22.0722
20.1792
22.9053
22.1164
20.82
21.2286
21.448
22.0105
23.3227
17.1939
21.2348
20.5357
21.8075
22.0339
20.1031
20.0431
20.2493
22.4826
19.7566
20.1356
23.5108
21.0736
20.7487
21.0655
20.904
22.0985
20.9084
19.8028
21.2728
22.8226
20.3535
20.37
21.2688
21.1408
20.7189
21.3507
19.8126
21.4109
21.3205
22.5639
20.8737
20.6469
20.4902
22.1986
19.8835
21.8952
21.9036
20.8268
20.9042
21.6516
20.9865
24.4647
20.6953
21.1849
21.9329
22.1957
23.6754
23.9542
21.2757
21.4901
21.4589
21.7899
23.2234
23.0952
21.5654
20.6028
20.8464
21.4967
21.3544
22.2263
22.1766
20.8371
22.8064
20.7689
22.8482
22.1724
21.2446
21.5803
19.811
22.0742
19.9468
22.2857
20.61
21.9619
21.8457
22.8283
22.0978
22.7763
23.2576
22.6223
22.3517
21.886
22.3621
22.124
21.6157
23.8729
21.9488
23.6193
24.4752
22.4442
22.649
21.9933
21.8261
21.5847
22.4683
22.1537
22.4916
24.1009
21.8819
20.5522
19.5849
22.4266
23.4115
23.0019
24.1473
22.855
22.1515
22.0976
23.271
23.508
21.8497
23.5486
23.5472
21.3282
22.0528
22.1842
23.0312
21.1477
22.3533
23.5614
21.8136
21.1287
21.4675
23.4941
22.0527
22.8083
21.4318
22.5441
19.9879
21.1942
22.0455
21.7482
22.0284
23.7821
23.4796
22.9561
23.1702
22.9084
21.9401
24.161
21.7441
22.6969
21.8532
20.2782
23.8784
22.8998
22.349
24.2135
19.6087
23.5369
24.1162
23.7194
22.2483
23.0245
24.5742
21.3109
23.6697
24.965
22.7523
22.399
22.8236
22.9605
23.0833
23.0665
23.6036
23.9263
21.848
22.3464
22.3565
25.1813
24.3333
23.9866
21.1585
23.2111
23.6521
22.3765
23.1815
22.5996
23.7256
20.9369
24.9201
21.8679
24.0251
24.4678
23.2249
23.5253
21.6152
23.2445
24.9947
23.9659
23.2256
23.0992
23.8418
22.6428
23.7466
24.1891
23.5389
23.0016
22.7122
24.0325
21.5313
23.4202
22.2148
21.7268
22.638
23.1722
25.1067
22.6411
23.1103
22.6757
24.4707
24.5044
23.1011
22.4285
20.3988
23.577
22.4155
22.042
22.3749
22.9964
23.6914
24.8327
23.6948
20.5359
21.2274
23.3033
22.3563
21.5438
20.6198
22.14
22.7599
23.1627
21.9026
21.7679
24.129
24.7142
21.9644
23.5788
24.1448
24.0825
23.9066
24.8381
23.0174
22.8727
23.0485
22.5995
24.6104
25.9432
22.6007
23.4088
24.051
23.3842
26.2132
23.663
24.2004
22.6744
23.7597
23.4859
23.4296
24.7534
24.3715
24.1737
24.4289
23.2094
24.0037
23.3056
23.6845
23.4697
24.507
23.7229
23.6822
23.0946
24.4611
23.2226
24.8482
24.6305
24.256
23.5637
26.0427
23.5346
25.4995
23.3848
24.5856
22.9186
24.4715
26.6687
22.7952
24.8334
25.1982
24.9243
23.6502
23.7943
25.6666
24.5844
23.8989
24.3292
23.7863
25.9304
26.6586
22.7811
23.2777
24.3797
25.0477
24.078
23.5217
24.9491
23.7585
25.5725
22.5405
22.729
24.5808
23.6843
24.687
24.3973
23.8487
24.2587
24.9356
24.4636
22.6925
24.3392
25.2187
23.8007
23.8632
24.2691
24.5158
22.9329
25.0096
25.0689
24.4985
24.6432
24.6882
24.427
22.6227
25.9204
25.7973
26.2173
26.186
24.4598
23.7167
25.0837
24.5362
24.7348
24.2568
24.3409
25.5457
25.9892
25.2788
25.4967
24.9556
23.6027
24.842
25.4433
23.3793
25.1972
26.7303
25.33
24.1381
26.2068
25.4834
23.5973
25.159
24.9936
24.5029
23.5314
26.5307
23.845
26.0056
26.6632
23.2282
24.382
25.7038
24.7976
25.5885
25.441
25.2886
26.2766
25.6108
23.3705
26.773
23.4102
25.7651
26.0976
24.1252
23.2192
26.0991
24.8634
25.6114
26.1849
24.7701
25.0288
25.3796
26.4042
23.4145
24.7821
24.3434
24.7221
25.1941
25.8172
23.7944
25.5606
25.3729
26.0911
25.9449
25.0375
26.4513
23.6471
25.8181
25.9839
23.942
24.7581
24.6044
24.2265
24.5009
24.2321
24.209
23.629
25.629
25.706
24.9793
25.3139
26.2321
26.4754
23.7451
23.3239
25.1567
22.3524
25.1836
26.1369
25.61
24.2949
24.5367
24.1425
24.7751
26.2881
25.1854
26.8665
27.348
26.1922
27.1998
25.4279
26.616
26.1781
28.0158
25.8329
26.6733
25.6317
25.5831
25.7922
26.5021
24.9337
25.4052
26.0972
27.473
25.4983
27.2349
27.3751
24.6538
26.392
26.0437
27.5824
25.4555
25.6001
25.7665
24.8828
26.7196
25.2607
25.7968
25.573
26.2741
25.6415
24.4374
26.0007
25.1511
24.9077
26.1868
25.8025
25.738
25.8046
24.2666
26.8684
25.6246
25.5535
28.1748
25.5972
25.5535
24.9257
26.5695
27.0489
26.3824
25.8608
25.2638
26.451
25.6493
27.8769
24.6207
23.6895
25.8751
25.2017
25.3901
23.9956
27.9188
27.3496
27.7353
26.7503
26.974
26.1599
25.4093
26.1585
24.318
27.1522
27.044
25.3681
26.789
25.3913
25.6394
25.535
26.8324
26.0751
24.3846
26.2216
25.2521
24.3536
26.6092
27.5878
26.3173
26.5905
26.0535
27.959
24.8292
26.9385
25.8898
26.4353
26.1439
26.4553
27.3146
27.5432
26.1665
27.5684
28.882
26.8708
25.8432
27.7759
27.347
26.0284
26.1437
27.6881
26.7132
27.4827
27.3239
28.0879
27.9037
25.7172
27.0062
26.8911
26.1766
26.122
27.3716
24.9519
27.6673
26.2668
27.2493
26.6113
26.0594
25.0385
26.1183
26.9225
28.0744
26.0318
27.7821
26.8005
27.3373
26.9602
25.988
26.1346
25.8813
26.2942
27.2517
26.9433
24.7192
27.1057
27.2383
27.1641
26.9754
27.8834
26.5419
26.3809
29.6363
26.1982
24.4226
26.5717
26.318
27.2023
27.1814
27.0211
27.8138
27.5255
27.4241
28.0482
26.5497
26.6735
27.3776
28.0649
26.905
27.108
28.1047
28.1482
27.8485
27.4318
27.4767
26.6991
25.9421
25.4067
26.6091
26.2242
27.1045
27.0913
26.304
27.8919
27.2704
26.81
27.3051
25.2242
26.9542
25.5523
27.532
28.4788
27.7991
26.7251
26.7935
27.4009
27.0208
27.8871
26.2368
28.0612
27.0134
28.5367
29.243
27.9825
28.1147
28.2721
28.9155
29.8409
28.8864
26.9443
27.0972
28.7716
27.2342
28.3539
27.153
27.6118
29.2999
27.8209
29.4284
27.5859
25.2266
28.2548
26.5219
28.708
26.6718
27.0552
29.3629
27.4865
26.7618
29.8588
28.549
28.3795
28.6984
27.958
26.4069
29.9775
26.1916
29.3159
27.5305
30.1018
28.1898
27.7964
27.3945
27.8924
27.4089
27.6624
26.7754
30.0455
26.5389
28.2712
27.4612
29.3966
28.4177
29.011
28.0876
28.5293
28.4285
28.061
27.8616
26.1499
27.5435
27.0562
29.7298
28.8702
28.2221
27.306
29.2666
26.9088
26.969
28.2866
26.5682
28.8381
26.2817
30.0282
28.9866
27.9572
25.9782
28.2509
27.8653
27.1484
28.3117
28.1785
28.0078
26.6345
27.9865
27.8935
29.2711
27.09
26.9487
28.1083
30.8053
28.5506
26.8048
27.6149
28.6628
28.7873
28.5738
27.5486
30.0825
30.4025
31.3305
30.0972
29.8388
29.1701
28.4761
28.9386
27.5441
29.6352
28.092
28.4906
28.827
29.8409
28.6891
30.4421
28.6072
27.91
26.7642
28.3103
29.5224
29.6301
29.2898
27.6954
28.2498
28.7894
28.1659
28.5962
27.3275
28.3687
27.959
29.7846
29.7784
28.268
26.0873
28.3655
28.9345
28.7904
27.5323
30.0331
26.2366
30.5092
30.226
29.4016
28.3464
28.6449
29.1954
28.5346
30.3397
31.458
26.6016
29.8033
29.8798
28.8209
28.0046
29.5897
28.8726
27.9478
27.9403
29.0259
28.8205
31.2359
28.3897
29.8389
28.607
27.6398
29.6251
27.68
28.1284
28.9094
29.3077
27.8714
28.5622
27.1894
28.4504
28.2312
29.1824
29.8844
28.9714
29.0476
28.9167
28.6496
28.65
29.6634
28.9894
28.2024
29.2582
27.52
27.4136
28.2082
27.4779
27.9929
27.9589
28.5703
28.7274
28.7692
27.3161
28.4795
28.8138
28.7628
29.9065
29.3838
30.3209
30.1308
31.1691
28.7086
29.7413
31.1191
28.9469
29.6065
30.952
29.1869
31.5208
30.4068
28.1873
30.6874
29.1376
28.9757
32.0619
30.2231
29.8268
31.9305
30.3839
31.0502
28.8357
30.219
29.8689
29.8221
30.4787
31.2884
32.4528
29.1712
27.7754
29.2444
30.6103
29.6611
29.9669
29.9214
29.785
29.0125
29.9181
28.9732
28.9608
29.9279
28.556
30.3549
29.2189
31.2218
30.8961
29.9899
32.2383
28.7864
31.898
28.6166
30.1499
30.6789
29.7264
30.9046
30.4244
30.6536
28.6313
29.881
30.1935
29.8867
30.6433
31.1625
29.9205
31.3319
29.345
28.2473
27.905
28.1265
30.8594
32.1326
31.0884
29.9537
30.2088
30.7383
27.793
29.0884
28.8295
29.8647
31.0681
29.9199
31.2993
30.4938
31.3977
31.1153
29.7084
30.3119
28.3118
30.9484
30.3066
31.3272
31.4879
28.3354
30.9536
29.8861
29.3169
30.5044
27.8268
31.7459
30.3399
31.5403
29.6477
31.2489
30.6598
30.916
30.4618
27.3125
30.2949
32.4605
30.3045
30.0037
31.1079
32.1356
31.3006
31.0398
29.6892
31.6566
31.1779
29.4998
30.7266
30.0698
31.3295
30.3002
32.6239
29.3732
31.2119
32.9257
32.3572
32.021
31.5246
32.785
31.6901
30.5866
31.9486
30.7611
30.7548
29.5241
29.9312
30.9098
32.0642
30.9784
30.7496
29.0429
30.9183
32.2194
30.9267
30.5305
31.6769
30.0281
31.3435
29.7922
30.5897
30.7965
30.871
30.9539
31.4262
31.7159
30.3976
31.7819
30.7964
30.0431
30.9949
30.5193
31.0475
31.4578
29.9753
31.6067
29.8514
29.6263
30.6904
30.3916
32.719
31.5474
31.9679
32.1423
31.1166
31.3405
30.6845
31.6905
31.6129
31.8046
31.6809
32.1113
29.6281
30.7028
32.2659
30.2742
32.6448
30.9009
30.4837
30.8134
28.8774
31.3836
30.6375
31.5585
31.0363
30.829
30.6142
32.5214
32.2898
33.6131
30.3038
30.8555
30.2231
31.2384
31.8622
31.8932
33.373
31.2651
32.3991
32.7044
30.4519
29.8259
31.2335
31.7613
33.1956
31.578
33.2229
34.1535
32.7256
31.9561
32.8837
31.7095
31.4821
32.0958
32.5338
31.6066
32.3158
35.4029
32.3925
31.9856
32.5832
31.8812
32.6725
31.1505
30.6643
31.6475
30.7555
32.3043
30.5605
32.046
32.852
32.8066
32.2278
33.2678
30.6516
34.0522
33.3642
31.8017
30.8744
33.0325
31.931
31.9446
34.2671
32.4784
31.6551
33.4484
31.8388
31.3585
33.9019
32.5603
32.2482
34.1088
30.9366
32.2131
33.3472
31.4544
31.3521
31.3041
31.8909
31.8952
31.3739
31.7473
32.3377
31.87
31.0549
33.5261
32.1077
31.2302
31.4077
32.4936
31.1561
31.0326
31.323
32.5598
32.0176
31.6954
30.4911
30.5856
32.9916
31.7238
32.6482
31.9229
32.5765
32.0946
33.2499
33.5994
32.3188
32.9016
33.684
33.5822
32.2113
31.9235
32.5571
33.5391
32.8437
34.0998
32.2599
32.8452
33.3096
32.6093
30.5568
33.7553
34.7137
35.1821
33.3192
34.2807
34.7214
33.5181
33.3174
32.2014
31.1174
34.2848
33.7726
30.8036
33.954
34.0272
34.8233
33.7159
32.6212
32.7153
30.9515
33.6703
34.1911
32.3577
32.0105
32.2072
33.1882
32.8145
32.7573
32.5663
33.9572
30.9886
32.3249
33.7454
32.9277
33.0443
33.1107
33.6134
33.0586
33.2967
34.3499
32.9843
32.7628
34.4642
31.7729
33.9592
33.889
32.5829
34.1566
33.7273
34.6675
33.7334
33.8682
31.7348
32.2483
32.7748
32.2225
34.4253
32.9264
33.392
32.9245
33.369
32.4776
32.0102
31.8642
33.6141
33.7983
33.4749
33.0193
32.6935
32.7476
34.4361
34.5649
32.4936
35.4714
32.6582
32.6988
33.1503
32.4763
31.9038
33.8739
33.6419
32.9936
33.6433
32.1842
33.8315
32.9841
34.4056
31.131
34.2447
33.4267
32.5754
34.1425
33.0866
35.0928
33.1564
33.709
33.9294
35.5027
33.2968
33.6676
32.7019
35.2466
35.8183
32.9434
34.7043
33.8982
33.9378
34.7741
32.6384
34.5088
35.6449
34.6851
33.0216
33.8236
33.6996
35.5756
34.1348
32.9102
33.4557
33.226
33.5954
34.2061
35.7264
33.1982
34.2625
34.1566
33.7303
33.9392
32.545
33.5064
34.6743
33.4737
34.7352
33.0104
34.5824
35.4478
33.7021
33.2918
33.7712
34.6269
33.2587
34.81
33.8856
35.2415
33.0111
31.7724
33.2572
34.667
34.2523
34.6196
34.387
34.0639
33.991
34.4949
34.5788
34.3602
34.419
33.5585
33.8504
33.2854
35.4355
35.2169
33.1501
32.0588
34.1584
34.5582
33.8236
33.3125
33.1321
33.2816
34.043
35.8775
36.2059
34.4248
34.312
34.7804
32.4797
33.3375
33.5005
33.803
34.5195
32.6776
35.7663
33.5608
33.9856
34.1402
35.0988
35.0144
34.8262
35.028
33.3379
34.5721
34.3827
35.3865
36.062
35.4207
35.3469
35.5628
33.4461
36.2251
36.8867
35.3913
34.5294
34.9157
34.8265
34.8773
34.8451
36.3292
33.9737
34.1052
34.051
35.5744
35.8435
33.6033
34.7838
34.7724
35.1572
35.8178
34.5731
37.2094
36.9576
35.1003
33.738
34.6617
35.5149
36.4971
33.3278
35.2606
36.161
34.6509
34.5062
36.0354
36.37
36.3419
34.6406
34.3494
33.873
33.6898
34.5563
35.1387
36.2735
34.0066
35.2399
35.3856
34.4463
35.3531
36.5986
34.4709
35.9962
35.5067
35.5296
35.489
35.128
34.7302
34.8251
35.9882
36.4534
32.6818
34.2433
34.5577
35.6953
34.6836
35.8261
35.0991
35.1588
33.5606
34.0572
35.8736
35.9041
35.6496
35.5558
35.1932
35.0304
34.0838
36.468
33.77
36.9051
35.6631
34.457
32.6844
33.6796
36.4184
33.6663
34.8369
34.2913
34.8912
36.8339
35.332
34.6995
35.4873
33.844
34.3921
35.6197
38.4969
36.1336
35.2328
37.0716
35.3882
37.2554
35.4596
36.0677
36.1637
36.0808
35.4331
36.8466
35.1615
36.678
35.4339
37.4349
36.5886
35.74
34.6605
34.9978
36.4427
35.0343
33.974
37.3156
35.7614
33.3089
36.594
35.8546
35.0075
35.6966
37.1528
36.967
36.1666
34.5137
36.3599
35.3934
34.8608
36.7439
35.865
36.7377
36.8284
36.5473
36.0281
35.639
34.8292
37.4031
35.0375
36.7589
36.9263
35.4005
35.0292
37.0863
35.2756
36.848
35.6432
35.3412
36.0446
36.0885
35.5369
37.3335
35.9953
34.0748
36.0988
35.3324
35.8961
36.3424
34.7057
34.2466
37.3977
35.0438
33.946
36.6417
35.8315
37.6391
35.6113
35.4826
36.2584
36.0072
35.1912
34.033
36.2772
36.1995
38.1043
34.6415
36.2505
35.2609
36.0119
34.886
36.3301
35.6722
35.0709
36.7813
35.2721
38.5255
36.5055
34.9792
37.6203
36.4033
36.6181
36.0446
38.3112
36.6443
37.2213
37.5061
39.4745
37.091
37.2457
39.1475
36.4135
36.6228
38.4255
35.5272
36.1204
35.8848
36.6256
36.8287
37.4333
37.1163
35.1397
38.0938
37.095
36.6902
38.9534
38.4486
38.3676
37.3127
36.8485
36.9924
36.5712
35.0974
37.1273
36.1856
36.4608
38.4395
39.2528
36.1644
36.6142
37.8004
37.1443
38.6001
36.9691
37.7757
36.5815
35.4254
36.2688
36.2052
36.5574
38.1756
35.7958
37.2143
37.4437
34.973
37.2109
35.0338
36.3388
35.8196
35.5637
37.2738
37.9359
38.6879
36.8784
37.8428
36.9098
36.9984
35.6042
37.5043
39.6226
36.4049
36.3973
36.4693
35.4906
35.6652
36.6068
37.2937
38.5036
35.8241
37.8862
38.0041
37.3811
37.1105
36.9418
38.3076
38.8774
36.8772
37.1526
38.2775
39.0886
35.131
38.5915
35.9858
35.34
34.4571
37.8047
37.265
37.1208
38.2173
39.9638
37.5145
37.8924
37.1068
40.7144
38.295
37.378
38.5549
38.4857
37.3042
35.9954
37.6703
38.6411
37.7122
37.1552
37.7476
37.092
38.8608
36.6201
38.2009
39.4171
37.7811
37.0754
37.8793
37.8693
36.5608
39.5766
38.0271
37.1421
37.1532
37.5786
37.4891
38.5395
37.7268
37.8889
39.2856
37.5143
36.7867
37.5641
37.563
36.6817
38.3027
39.199
38.1741
37.1583
39.5919
37.7664
38.2383
38.5887
36.0204
39.1603
37.5139
38.5228
38.098
37.6455
38.6308
39.5375
38.1426
36.2786
39.3959
38.5268
35.8593
37.2679
39.1025
39.0892
36.8913
39.295
38.2996
37.6348
39.1981
39.8895
35.8474
37.3764
38.2598
38.6972
40.5661
37.3002
39.1073
35.2575
38.0189
36.6471
38.1478
38.541
38.0644
37.2253
38.9089
39.0182
37.9241
39.04
39.1362
37.8108
39.4212
39.26
38.7005
39.2383
38.8674
38.3041
40.1355
39.806
40.5107
39.6562
38.3022
39.3962
38.7171
37.7173
39.5979
38.1166
37.9965
38.5543
38.747
37.3192
39.3133
39.312
38.4741
39.9936
39.4408
37.9823
41.5504
38.4071
36.5824
39.2541
39.028
39.2877
38.036
39.542
39.8045
39.5241
37.2325
38.4464
38.7774
38.6898
38.5991
39.7788
39.6313
39.8062
39.3167
37.8973
39.1289
39.2514
39.3869
37.1736
38.4912
38.6653
37.9736
39.6174
38.3263
39.7232
38.336
39.4225
39.2527
39.3231
37.5856
38.3183
38.6284
39.8173
39.0054
39.8199
38.1958
37.8523
39.5861
37.5664
40.2579
37.0544
40.6603
38.5251
38.2956
39.131
38.07
38.1998
38.2895
39.6802
37.9388
37.8137
38.3232
38.2442
39.7438
39.2915
39.3263
39.4183
38.6296
39.3825
39.8515
39.2039
39.8623
37.6624
38.0612
37.7664
38.7084
40.0583
37.5828
37.3015
39.9823
39.0094
39.8059
36.7472
40.1001
39.1974
40.5463
38.899
41.4998
38.0298
42.1681
39.097
39.4664
39.4745
40.8658
39.1537
38.9957
40.1946
39.6553
41.925
39.8009
37.568
37.9361
39.0936
38.0846
39.2361
39.9368
39.713
39.018
40.2316
39.2173
39.9689
40.214
40.529
39.6788
39.9285
40.7692
39.5393
38.0102
39.0387
39.3808
39.151
40.0202
41.8425
37.849
41.0213
39.4252
38.0188
39.9903
40.0567
39.6065
40.1868
39.234
39.5262
39.9681
37.7442
39.3906
40.1639
38.4778
40.1549
40.6919
38.1702
40.1877
40.2149
39.9414
40.4102
39.1018
39.7412
39.482
41.0539
39.8662
40.035
38.4054
40.6798
39.0799
39.7675
39.4655
39.0149
41.6075
40.0637
39.2521
39.1455
40.0701
39.5387
39.609
40.7196
39.1307
40.217
41.8211
40.3912
41.0915
40.3646
38.9087
38.1812
39.1331
40.8139
41.2496
39.6658
39.923
41.4689
40.5797
40.5697
39.9067
40.2303
40.4725
39.1809
40.489
39.6183
40.1625
41.8774
39.6158
41.1092
41.9517
39.3899
40.6306
40.528
39.5053
41.612
39.6878
41.9479
41.3627
40.5355
42.2626
40.2731
41.9179
41.8996
41.061
40.7949
41.3953
39.7817
41.6034
40.5175
41.1183
40.9216
41.2196
41.4473
41.2159
40.5005
42.1818
40.3268
41.1305
43.5489
42.2236
42.3629
40.661
42.6246
40.4352
39.2655
40.3036
42.1731
41.0578
40.6893
43.031
41.1326
40.1906
42.3008
39.4833
41.9778
40.0168
41.5786
40.4765
41.2954
43.1415
43.4677
41.2411
40.0774
41.9084
40.1213
40.4788
40.9592
38.4731
40.9599
41.141
40.7186
40.6645
39.0738
42.5594
40.3164
41.4791
42.8531
41.5975
39.9176
39.6462
42.5753
40.3188
42.2323
40.5654
39.9215
40.3255
40.0591
41.8981
40.5705
39.6446
40.3571
40.5401
41.2032
43.0633
40.5101
39.9841
40.126
42.5823
39.1146
40.9658
42.1843
39.3802
38.728
42.4833
44.027
41.7862
41.5907
43.2175
42.7431
42.1261
41.9758
40.2046
43.1369
42.0132
41.8388
42.0536
41.3641
42.0591
42.873
42.6703
42.9195
42.0617
42.367
40.812
42.3584
40.8198
42.4974
41.6236
42.0202
42.702
41.8097
41.6857
43.6263
41.1637
42.2845
41.4304
43.4715
41.4228
41.8758
41.8572
40.7375
41.954
42.9829
42.7877
41.1417
42.2127
43.0583
43.853
42.3853
41.7173
42.0919
41.5388
42.7075
42.953
44.4644
42.8699
41.9434
43.569
41.6741
41.9717
42.93
41.0586
41.572
42.7416
40.5316
44.5995
41.8839
40.831
42.4893
41.8337
40.728
43.5634
42.2594
41.0962
43.8568
42.7516
40.365
42.1635
41.6932
41.1159
42.6331
41.7396
41.7714
43.9458
41.6129
39.5921
42.1
38.4431
41.7012
42.3645
42.0277
42.3478
41.2086
41.94
43.8037
43.0894
42.4695
41.3276
41.3798
43.1151
42.6248
41.3148
41.3779
44.666
43.6971
42.1417
41.8104
43.9104
43.8539
44.1272
41.3018
44.6838
43.2085
42.0279
42.962
45.019
43.7945
41.5275
44.9068
42.2428
43.3565
43.5392
42.0009
43.9188
43.9878
43.9274
42.8117
43.0399
44.035
42.712
43.161
44.141
41.4092
42.447
42.2594
42.9164
42.2082
42.5443
42.4563
42.9832
43.437
44.83
42.6274
41.105
43.7474
42.4491
42.4966
42.4521
41.172
42.8391
42.4796
42.318
43.8787
43.6833
43.4202
42.0689
42.8234
42.7437
43.1825
43.0539
43.5821
42.631
42.1494
43.0815
43.2016
42.8689
42.7756
43.2614
44.2881
43.6835
42.7982
42.1187
43.169
42.8375
43.9701
43.7938
43.7505
43.098
42.4596
43.493
43.2374
44.2183
42.6977
45.2843
41.5094
41.703
42.3527
42.9134
41.7499
43.1689
43.0866
43.7747
43.3352
42.0949
43.8747
43.0434
42.8472
43.3999
43.3235
43.2357
43.8334
43.4533
44.598
44.1184
44.2244
44.8549
44.0564
44.5629
44.1036
44.1433
44.1812
44.711
43.5286
44.3428
43.6137
42.6685
45.8423
43.2452
43.9093
43.3785
43.7775
43.7566
44.3654
41.84
42.9553
45.4254
43.6437
45.2783
43.5446
44.0964
44.5054
45.003
43.7346
44.5236
45.0779
44.0829
43.4587
42.7156
45.1843
44.0405
43.9848
43.1107
45.8488
43.1248
45.1849
42.0839
44.8339
42.2867
43.9916
43.5699
44.0389
45.2818
41.8688
43.9657
44.4879
43.9826
44.3115
43.3004
46.0261
43.6239
43.8248
43.9581
44.5525
46.1447
43.3035
43.9995
43.2573
45.6223
43.1391
44.788
42.6994
43.688
43.0729
43.152
45.4602
44.7844
44.036
43.4616
43.9545
41.7116
43.5109
44.6411
44.5914
41.094
45.2622
43.7717
43.7718
43.6838
43.8124
44.1493
44.0993
44.7557
43.4294
44.0091
44.299
44.4972
43.425
44.5584
47.0219
43.5822
42.4072
45.2769
44.3724
44.7737
44.1509
47.1708
43.6808
44.2968
45.2551
43.4792
45.1855
44.8701
45.3544
45.5597
46.3242
43.9863
46.1949
47.0252
43.2258
44.1396
44.9151
45.5125
45.2043
46.5479
44.3171
45.8809
46.386
45.0498
44.4743
43.0803
45.821
44.1648
44.6674
45.5646
44.7852
44.9434
45.7009
45.8115
45.1046
44.6683
45.4865
44.6531
44.367
45.1694
46.1117
44.9512
43.9653
44.1487
44.4547
45.003
45.1405
46.7247
45.3313
45.5574
45.5087
45.5206
45.8288
44.5652
45.5278
44.4545
44.2445
43.7478
43.577
42.8452
44.962
45.5317
43.0947
45.0966
44.0793
45.9565
45.5701
45.7677
47.3001
44.5807
44.6544
45.9891
44.7721
44.0269
45.0131
42.9551
45.06
44.1559
45.6265
44.5753
45.9399
44.9952
45.7118
45.2871
43.4739
44.7859
43.8275
44.4106
47.0217
44.9473
45.6434
45.7365
44.4361
44.4755
46.093
45.7984
44.6122
46.6119
44.3793
45.4786
44.8264
46.4877
45.864
46.5831
46.6289
46.0293
46.2598
44.9306
45.9287
45.5524
45.5292
45.0655
45.3022
44.5217
44.5301
44.3293
45.3391
47.0208
46.0802
45.8828
46.615
46.3684
45.3368
46.4903
45.1652
45.3891
44.3657
46.0888
45.8564
46.6173
45.5957
47.0555
46.2713
44.4696
45.3397
45.8366
45.617
45.9091
43.9768
44.5309
46.6434
46.7773
46.7604
46.5885
45.823
46.4112
47.5961
46.6319
47.1451
46.4401
45.6738
44.7147
47.3263
46.6133
45.9153
45.7805
46.1638
47.4408
46.3238
45.9417
46.1892
44.6099
45.7513
46.5324
47.0094
45.682
45.9707
45.779
45.7878
46.728
46.6222
45.9266
47.6686
45.1495
46.2894
45.8605
46.2901
46.7431
46.5827
46.1355
47.0566
44.8959
46.7471
45.7201
45.4065
46.3465
44.6636
46.8237
44.6493
45.9735
45.269
45.3931
44.4887
47.0194
46.4062
45.9088
46.1465
45.7112
46.2705
47.4082
47.419
47.0695
45.5688
46.4536
47.5977
48.1212
47.3097
47.6404
47.6458
46.3123
46.9151
46.5433
48.2035
47.2811
46.8603
46.1749
45.8315
46.2489
48.0051
46.3686
45.7296
48.0807
47.0156
47.3799
45.322
47.6231
46.8844
46.9015
45.3762
48.1189
47.0356
46.9871
46.2648
49.3327
47.9873
46.1596
47.4008
46.0553
48.6208
45.9897
46.4608
46.9846
47.8582
47.5965
45.8888
48.2808
48.1464
46.6848
47.0687
47.3331
47.4217
46.4492
47.6326
48.5076
47.2569
45.7782
50.4025
47.8402
45.1452
49.0457
47.0999
45.8943
48.7392
45.4798
46.2136
48.3033
47.9312
46.5418
46.5383
47.5608
45.583
47.8438
47.0286
47.1221
46.3716
49.2009
47.14
45.7271
47.1384
47.7206
48.2006
47.0966
45.0206
46.1324
47.2729
46.8817
48.3756
46.8454
48.7268
46.3855
48.7072
46.8647
46.7832
46.2053
46.5262
46.6821
47.2725
47.0099
45.6399
47.0788
48.0874
47.8936
49.4234
47.8242
48.3424
48.2131
46.0927
48.3107
49.1032
45.5786
48.0201
48.5629
47.6836
47.6147
48.0437
47.5954
49.1967
47.9614
49.4816
49.7818
47.9366
48.5015
48.7347
48.9304
48.3732
48.8326
48.0596
47.3039
47.0508
45.5911
47.6798
48.5739
50.0347
46.6322
45.4131
47.9471
47.6978
48.6069
47.5549
47.1388
47.4223
47.4838
47.8638
46.9473
47.5326
48.6941
49.4942
48.2058
48.6215
49.4716
48.1948
47.3386
47.8775
47.0805
49.3396
48.6016
46.69
49.5116
46.8456
48.4708
46.1173
47.8958
48.7098
47.6051
49.4218
49.2711
47.2804
48.9413
47.2762
45.9189
48.1704
49.2087
48.4672
46.9706
47.3932
46.9754
49.152
48.2297
46.9568
46.6391
49.6422
48.3489
49.4483
49.2554
49.3573
47.0163
46.8892
47.7155
47.4006
46.3959
48.655
49.046
48.7388
48.5809
48.3219
48.8656
49.4815
47.8819
48.8374
48.807
46.6752
49.1431
48.4002
46.7435
49.107
50.705
47.0833
46.8965
49.2246
49.1499
47.817
48.6672
48.8516
49.8089
48.7042
49.8039
51.0596
49.4889
48.5719
49.0231
48.4393
47.6289
47.7946
47.2956
51.5371
49.4753
47.6534
48.6249
49.4129
49.1261
49.5545
47.1258
50.2102
47.5592
49.8779
49.4002
49.2302
50.155
49.0609
49.2369
48.6858
47.1462
50.0968
48.6104
47.2015
50.0288
48.0195
49.9689
46.4837
48.2586
48.2014
48.5946
48.732
48.8791
48.934
47.7638
49.6842
50.4775
49.2041
50.5058
49.4799
49.936
51.5305
49.4993
47.9873
48.7935
48.8863
48.8762
51.6734
49.2446
48.5307
50.5705
47.9137
49.6016
49.0743
47.874
50.5157
47.7482
48.5529
50.1441
48.5641
50.1822
49.5776
48.7143
50.0693
48.5955
48.6995
48.9978
49.7905
49.107
49.2121
49.0212
47.8961
49.66
49.3139
48.2936
47.8626
49.1248
47.6843
49.5257
50.0185
49.4923
52.0206
49.0964
49.5291
49.2247
50.4889
49.8337
50.9154
51.8251
50.2557
49.4039
50.1248
49.5018
48.6031
51.0504
51.1063
49.5538
50.1718
50.6141
51.3337
50.4393
50.4179
50.2141
49.5667
50.3063
50.7956
50.5336
50.1592
48.0827
51.1621
52.0974
48.8023
51.2732
49.248
50.4029
49.6432
50.6614
48.8605
49.4147
50.1331
49.9532
50.9118
53.0255
50.286
49.2503
49.6101
52.6019
49.6989
48.9767
48.9824
51.4072
51.5269
49.6532
49.6976
51.5455
49.7139
49.7752
50.2985
50.3182
49.8422
48.1317
50.1716
48.9031
49.6395
49.8947
48.594
49.4296
50.6429
48.9508
49.2543
50.803
48.9395
48.5457
48.6113
48.5495
49.0202
49.9933
50.6998
48.8478
50.7904
50.4653
49.0299
48.7556
50.1071
52.2055
50.5819
49.7072
50.2076
50.0501
50.2988
49.2751
50.6154
49.1326
51.702
50.2303
48.7878
49.5801
49.8834
50.9462
51.6495
49.7189
50.6304
51.3571
52.367
50.004
51.0614
50.3035
52.6003
51.8447
49.5876
50.7138
49.6388
49.8552
50.9248
49.0817
51.8347
51.5046
51.919
52.2664
52.0423
51.02
51.8126
51.2848
52.3727
49.3973
52.0078
50.7804
50.5647
49.8527
50.4382
50.2867
51.6598
51.3195
49.5741
51.0166
51.2855
51.4543
51.3778
50.5348
50.6704
50.1079
51.0631
50.4358
50.4125
50.6176
49.6961
51.5995
49.4862
50.6017
49.7902
52.721
51.5671
48.439
50.2647
50.9144
53.0391
51.8442
51.4261
50.0501
52.8323
50.4333
50.7075
50.3539
50.3339
51.5572
49.3651
50.5047
52.4231
49.6341
50.1586
52.5174
50.2752
51.325
50.4747
50.0818
51.1288
50.2067
52.0884
51.4746
52.0338
51.8344
54.5733
50.9283
51.9972
51.7593
49.8503
53.0081
50.4218
52.1065
49.294
51.6551
51.4136
51.4932
49.7045
51.1262
51.3845
50.1743
49.524
52.4663
53.2301
51.8454
51.5601
52.068
52.1253
52.4618
49.1675
49.6476
52.0184
52.6585
52.6498
53.1835
53.0228
50.0815
51.5097
52.107
52.5189
53.3514
51.5317
51.3882
52.1559
54.1474
53.6124
51.7084
52.0346
52.5413
51.14
50.4498
50.1933
53.5336
50.5829
50.5596
50.0847
50.925
51.1858
51.8775
49.986
51.5995
49.2126
51.0353
54.9614
53.1206
50.0629
51.0172
53.1322
51.8777
53.4179
52.7902
51.683
50.624
51.3198
52.8827
51.9907
52.4434
52.7445
52.744
51.0965
52.8112
50.6235
52.4122
51.6723
50.9686
53.246
51.9627
52.4241
52.111
50.8382
52.8048
52.7144
51.877
51.5549
49.5643
51.1945
51.6607
52.9145
51.9782
52.0014
52.3692
52.6346
51.8847
51.3645
53.1135
52.0807
50.1838
54.5323
52.2145
51.7364
52.1852
51.9994
53.6093
50.9471
52.7803
50.8259
51.775
53.3727
53.8341
50.4434
51.1944
51.6782
51.6682
53.1577
53.1297
54.0835
52.554
52.4488
52.5048
53.754
51.978
52.5143
52.3083
53.8236
54.1232
52.5051
53.5657
53.6954
52.769
52.5308
53.8573
51.9341
53.7358
54.75
55.5785
53.7491
53.1874
54.0068
52.6486
53.5178
51.9414
53.4976
52.8881
53.5857
52.4359
54.2105
53.6101
54.6158
52.6292
52.5606
52.7281
52.5588
51.8377
52.1892
51.0712
53.0011
52.7873
52.3994
51.8343
53.3779
51.987
52.8579
53.8832
53.4619
54.2875
52.9066
54.6366
53.2764
52.3914
52.443
53.2105
53.5825
53.6581
54.8605
54.1177
53.7269
49.3455
53.0137
53.8125
53.5756
53.1973
52.6746
51.915
53.1854
54.9228
53.5203
51.2994
53.3987
53.2235
54.0329
53.3767
51.923
54.1829
53.343
53.9412
53.7127
53.5
52.023
53.2322
51.8379
53.8475
52.2352
52.7969
52.9319
52.7428
52.3779
51.0059
54.5309
54.0085
53.0381
52.1704
53.845
51.9502
53.4787
55.7411
54.1714
54.4167
53.9884
53.2093
53.0109
55.0444
54.4296
55.4725
51.814
53.2167
54.5857
54.5015
54.5166
53.9331
53.0322
55.6843
53.7466
55.8891
54.8126
55.1982
53.9044
55.4879
54.5327
51.5476
52.3809
52.1776
54.5202
55.9299
54.0331
52.8347
56.0898
53.568
54.2803
54.4641
53.7944
54.9724
53.9661
52.1787
53.1886
51.9722
54.8063
53.8308
54.3037
54.4827
54.6076
54.5451
54.3213
54.5402
53.6027
55.3678
53.3798
53.2957
53.39
54.2953
53.5146
53.7403
54.2849
55.9372
53.6573
54.2957
54.2586
54.2215
53.8847
53.3982
53.908
55.7001
54.2189
53.0906
53.3361
53.5836
54.344
55.7543
55.5368
53.8114
55.6646
54.2908
55.052
54.2403
54.4843
51.9801
53.353
53.2719
54.6795
52.8002
55.1627
53.2963
52.9577
54.7201
53.6012
52.9285
53.1901
53.5415
51.3861
53.8923
54.5318
52.6699
54.687
54.5077
54.506
54.5459
55.2286
54.0712
56.5513
55.5852
54.0401
55.6701
53.8282
56.0382
56.4587
54.8541
53.666
56.5843
55.5494
54.7574
54.99
55.4706
58.3445
55.6703
55.9702
54.0173
56.5267
55.5423
54.4881
54.5965
54.2435
55.1911
54.5773
53.5131
54.2547
55.9053
54.2077
53.8622
55.6376
54.503
54.2595
55.1704
54.6756
55.3199
54.6869
55.6406
54.7997
55.3055
54.5362
55.3495
54.0692
55.4616
56.2745
53.9568
55.0517
56.4493
56.7132
55.8008
55.3568
55.8195
54.8022
53.2355
53.2917
56.5918
55.3855
55.5646
53.8339
55.1898
53.9513
56.4219
55.1665
56.421
54.1378
54.6717
55.7907
55.7286
54.5045
54.9952
55.0059
53.5763
54.6618
55.3178
55.5081
56.215
55.4997
55.6024
52.8943
54.6837
55.6865
55.6678
55.2149
53.7158
54.5224
54.2901
56.8768
54.5481
54.5591
55.2387
55.2663
54.6271
55.9705
55.9651
51.9536
56.3488
56.5599
55.3576
55.0002
56.0716
55.6993
56.8199
55.9428
56.5679
56.9879
55.3321
54.028
56.8264
55.9203
55.7116
55.5191
56.9024
56.9333
57.375
54.0841
55.5374
56.2599
55.0354
57.6909
56.2286
55.0161
55.2249
56.1673
55.4727
57.2944
56.5253
56.4618
56.9304
55.4475
54.5672
54.329
56.1315
57.1638
56.7101
54.919
56.5136
58.3415
58.1484
55.4876
56.4415
55.7759
55.8637
55.7838
56.187
56.2706
56.9206
56.4879
54.7734
56.28
56.0199
55.7979
56.3274
56.1401
56.6877
56.0859
55.508
56.9865
55.2037
55.6546
57.2742
55.9939
56.7354
55.1889
56.0505
56.4211
55.9171
57.2363
55.7372
54.4541
56.9225
57.0806
55.0414
55.3368
55.3227
57.0134
55.8566
55.5646
56.1125
55.7399
55.3885
56.7482
55.6841
56.0691
56.0584
56.3965
55.0886
55.7305
57.0653
55.6633
55.3247
55.0349
59.0648
55.0643
56.5782
56.2663
56.4245
55.6294
58.673
56.1589
58.4421
55.4542
57.0792
55.2506
57.36
58.729
55.9847
57.6184
57.011
56.5958
57.1638
55.2712
56.9731
56.5354
55.5973
56.7962
57.398
56.9502
57.4207
56.914
56.5943
57.0924
56.2625
55.6858
58.8255
56.7086
58.1431
58.6984
58.0122
57.3481
57.0422
57.2979
56.1864
57.1964
55.4603
56.5991
58.1289
57.2114
56.2672
55.5103
56.6053
58.0878
57.2106
55.7187
57.3626
56.2056
58.4611
56.0806
57.8899
55.7974
57.5755
57.4456
57.3963
57.5515
58.1925
57.2645
57.0118
55.1628
56.3932
56.553
56.9306
55.3724
56.4059
57.7787
55.1717
57.5681
57.5032
58.0567
56.9325
57.0885
56.9879
55.627
57.488
56.7655
58.6638
57.0725
55.937
56.8297
57.0835
55.8708
57.8587
58.432
58.4539
56.9667
57.8073
56.8412
56.1332
56.7534
56.7913
58.3228
57.5712
56.1784
56.1778
57.0303
56.8246
58.1342
59.2259
58.3471
59.0041
56.1016
58.1837
58.627
59.3144
57.9027
56.6138
57.4251
59.7149
57.9867
60.0807
59.5982
58.8142
58.0474
59.9085
58.097
57.5017
56.8467
59.016
57.9019
58.6912
58.1848
58.2623
58.8684
59.4789
56.7014
58.6293
58.3349
57.4169
57.5518
58.2147
57.2323
57.976
57.809
56.9347
56.6279
58.3543
58.7156
56.3193
56.7326
57.0609
57.9113
57.2615
56.626
57.9914
58.5854
55.9309
58.3881
57.6519
57.6051
58.7138
57.6494
60.0189
59.3222
59.9248
57.4874
57.189
59.5296
59.2106
59.3823
58.347
58.6163
57.7437
59.485
57.5054
58.3579
59.2501
59.162
57.5793
57.6743
57.0305
58.0923
59.208
57.1592
56.6877
60.4513
57.4449
57.3059
58.636
57.2942
57.2079
58.371
57.7383
58.7302
58.2587
57.234
58.765
58.3099
58.6563
58.3123
58.6684
59.0378
58.5345
57.7681
58.7322
56.819
58.8786
56.5881
59.4
56.8228
57.1665
58.1132
59.5335
57.5534
58.4453
59.7064
58.8361
58.7356
58.1392
59.4353
60.025
58.2095
60.4917
59.8575
58.4729
58.0075
57.6568
57.7996
60.7727
59.9173
59.5837
59.3505
59.3636
59.1097
59.555
60.4177
58.8603
59.2126
57.1524
58.2307
60.3105
60.2991
59.2893
57.8273
57.4799
59.5854
59.3107
58.0387
59.4956
59.0555
59.1597
59.0334
59.0089
59.3604
56.7433
60.0348
60.4909
59.415
57.2514
59.0086
59.8282
57.9933
59.9692
56.9129
58.2054
57.9243
57.393
57.3495
60.7023
58.6446
59.6597
58.5658
58.2924
59.1433
59.1383
60.479
58.9372
59.2163
58.2353
60.9646
58.2921
57.5545
59.2555
58.7654
60.1831
59.6779
58.5188
58.2956
58.2633
59.586
58.4402
59.9291
58.1617
59.0634
58.4938
59.433
59.1017
61.2324
57.9413
58.7785
59.2568
61.3704
58.882
59.5648
58.9609
60.1281
57.4958
58.5098
59.3135
60.3427
59.4644
58.1614
59.9841
60.5023
60.5182
61.7749
59.9977
60.6113
59.0334
57.8096
59.8487
59.7116
59.8327
60.6119
60.3688
59.0165
60.7458
60.0556
58.4352
60.5008
60.2291
60.6687
59.11
59.0862
60.4217
59.6978
60.7219
61.1407
60.2225
59.489
59.8293
58.4606
59.7209
59.8593
60.7347
60.2209
60.7935
59.3394
59.4691
60.4302
59.6168
61.5059
61.0035
59.7936
61.108
59.6179
60.0099
60.3124
58.7768
60.6152
59.9153
60.5011
61.8232
60.1133
58.8619
60.3643
60.7978
60.8464
62.7368
58.22
58.3835
60.6517
59.9867
59.3962
60.7323
59.0689
61.5649
57.9385
60.2428
61.0429
59.6345
59.0368
61.2864
59.9756
60.6563
60.5449
59.1022
58.2945
60.7545
59.1352
58.5202
60.5189
58.4693
60.5394
60.3328
61.1582
60.0181
61.024
59.9661
60.5993
60.8952
59.1313
59.8197
59.1434
60.6414
61.3724
57.5195
60.4125
61.9029
59.1391
61.5395
61.4464
62.1459
60.3481
62.6459
61.5182
60.6221
60.1808
59.9365
60.6402
62.2338
59.8007
60.6616
59.9931
60.1242
61.4046
62.3506
60.028
60.6012
61.4229
60.7376
59.4748
62.8082
60.2944
60.7241
62.2828
60.4788
61.5918
62.3564
62.1215
60.9526
61.757
60.3806
62.2792
60.5962
60.9333
59.6396
63.6072
62.0296
60.9515
61.0903
61.0219
60.5859
59.7742
60.8403
59.4334
60.0217
60.5223
61.6377
62.133
62.1836
60.8413
61.7554
61.7098
59.1089
61.4269
60.6841
62.0076
62.0012
61.5179
60.6989
62.0323
59.9356
61.6647
61.1852
61.1744
61.2945
61.0138
61.6664
61.9025
61.8405
61.6198
61.4684
61.9304
61.5092
61.0491
62.952
61.7544
60.4265
61.6888
62.3005
61.1808
61.9621
61.7759
64.0669
58.5638
61.7152
62.5346
59.73
63.2044
61.3725
61.3112
59.9864
63.3249
59.8607
61.0276
59.4672
61.6214
60.8392
63.2102
62.1525
61.9768
60.8284
60.1433
62.0934
61.8792
61.4238
61.0515
61.0104
60.8314
64.6077
63.0621
61.1483
63.2424
60.6801
62.0889
61.7755
63.8835
62.1535
62.0412
62.7365
61.4881
61.1203
61.813
60.7487
60.9098
61.0151
62.2018
62.4755
62.0759
60.5587
62.433
62.3134
61.5498
61.6734
62.2548
61.6384
62.2072
61.8129
61.9966
60.5199
63.6344
61.5806
65.077
62.0982
62.0365
60.7925
62.4277
61.3265
61.6261
61.9632
61.6569
61.8982
61.668
61.195
62.0347
61.7084
60.8748
62.1921
61.0366
62.4799
59.8551
63.4591
63.3225
63.29
61.0446
62.6529
62.2511
61.0458
61.4643
62.1137
63.159
63.6573
61.9776
61.0881
60.1845
62.0257
64.8926
62.3742
61.3707
62.2143
61.3759
61.7293
63.3367
62.2967
62.291
61.9105
63.5142
61.7796
62.7743
62.4193
62.7511
62.766
59.4532
62.7384
62.5279
62.1159
61.2168
63.3552
64.3937
62.6216
62.3699
62.9214
65.3337
62.7714
61.8675
63.081
62.5169
62.8959
62.2124
63.5627
62.79
62.8682
63.8152
62.9604
62.913
62.1355
63.0308
62.9726
64.1094
63.0539
61.6472
63.8132
65.326
61.5335
62.2615
63.0648
63.1177
63.7266
62.6051
63.5717
62.9641
62.5532
62.5432
63.1611
62.1288
63.6599
63.5545
63.55
62.749
60.7735
63.0159
62.8055
63.0954
62.1779
63.5126
63.1081
62.6077
64.2433
63.6782
63.1237
62.8257
63.4425
62.3802
64.9354
64.0378
63.9273
63.4779
62.9641
62.09
64.3245
63.1047
63.0207
61.3856
62.4206
62.5889
63.3091
64.3079
63.7269
62.6738
62.7598
62.5133
62.0311
63.2431
62.9802
64.3718
61.8684
63.7311
61.7067
62.9398
63.268
63.0709
61.5227
62.9713
61.9643
63.4499
63.3583
61.345
61.8864
64.2076
62.3793
63.413
64.2134
62.4507
64.1034
64.4847
61.4829
63.4153
64.7014
65.5479
63.2386
64.3503
64.7313
62.9671
64.7747
64.8594
64.6429
63.3688
61.76
65.2246
64.2928
62.7481
62.154
64.7114
64.5696
65.7074
66.7321
64.0056
63.5753
63.6328
65.9815
64.3115
64.1892
65.3806
63.3886
62.6672
63.6686
64.1369
63.2307
63.2624
66.3229
62.4728
63.041
64.6646
64.1424
65.3077
64.4087
62.6463
63.9205
64.7343
62.8304
65.2311
62.266
66.3779
65.3823
63.6632
62.4575
63.0705
63.5391
64.4461
64.2102
63.8887
63.6343
65.526
64.7667
64.234
63.4226
63.6467
63.2198
64.5329
64.7375
62.0219
65.6344
64.6476
65.6294
61.9386
65.2573
64.4637
65.2098
64.7762
62.6083
63.4687
61.3664
64.6998
63.4402
64.5242
63.237
65.0561
66.2669
63.8695
63.3928
64.3129
63.2654
64.5653
63.7436
64.3427
63.7727
64.256
64.9281
63.2441
66.1975
65.4006
63.1252
63.3948
65.2967
62.4043
64.9137
62.4963
65.3286
65.6336
63.4323
65.5489
64.4515
64.2709
65.2259
63.8195
64.8523
64.9303
65.4992
65.9306
66.3239
63.4106
64.848
64.9315
65.9587
66.0977
65.9728
65.484
66.3634
66.3026
64.0525
66.3383
63.7466
64.7949
63.562
65.6869
64.947
65.1169
63.0899
66.5182
65.5693
66.5803
65.9987
64.1638
65.673
64.7211
65.0215
64.3345
65.2607
65.0881
63.2395
63.2078
65.1777
64.8496
66.7817
66.8389
64.4829
64.4725
64.7093
63.2466
63.2017
64.9833
65.288
65.9636
65.164
66.8622
64.5398
64.2362
65.072
65.9644
66.1224
65.6375
64.0554
66.2884
65.0138
64.6783
64.6711
64.8271
63.8448
66.6227
63.9479
65.5409
63.5646
64.7079
63.9812
65.1431
64.0594
66.2416
64.5834
64.7317
65.081
64.6699
65.7281
64.7624
65.6453
64.5479
63.371
62.8274
63.9886
64.0209
65.1106
64.5652
65.7209
64.1935
65.3854
65.0258
65.6669
64.6317
67.1117
66.1476
66.5741
66.4052
65.2211
67.1475
65.7293
64.988
64.9982
65.5491
66.0532
65.6287
65.4622
66.3084
67.1563
65.1155
66.8641
64.2368
65.8391
65.9032
65.8908
65.1697
66.067
66.3541
65.1096
64.3421
65.4859
66.8643
66.9232
64.6175
65.7652
66.3447
66.1023
65.2663
65.0641
66.0538
67.0624
64.41
65.1455
67.3815
64.7895
66.0859
65.7552
67.9931
66.2809
63.0045
64.395
65.3774
66.855
66.6846
66.2699
64.602
65.7433
64.5327
64.6766
64.4656
66.3857
65.9913
66.0481
68.4698
66.8217
67.4231
65.8028
66.973
66.1981
67.8812
65.8855
66.625
66.0015
66.4666
66.2856
66.5878
65.2972
65.2114
66.0061
65.8995
66.7726
65.9769
67.8021
65.6154
67.5452
66.6717
65.8328
65.7239
65.8878
66.5924
68.3205
66.1973
66.687
66.0393
66.7311
65.6643
67.7376
65.6703
66.4815
67.8232
65.4912
64.851
65.3771
66.5815
69.3693
67.6587
65.4408
68.6726
66.205
66.9822
67.6853
67.8662
66.8087
66.2745
65.8716
66.8348
66.9783
65.3636
66.636
67.0293
66.7763
67.7035
65.1116
67.1481
66.7396
66.5524
66.244
68.237
67.0684
67.0967
67.9919
66.7656
68.2375
66.8284
67.5335
67.7121
66.9684
66.7697
67.5646
65.4426
66.1758
68.3888
65.8945
66.7506
67.5062
66.2136
67.0952
68.9005
67.3324
67.3917
67.9142
68.5232
66.0395
67.6508
66.8917
67.3567
66.7147
64.0014
67.1086
66.0538
67.304
66.117
66.4378
69.1369
66.01
66.4589
67.2198
65.481
67.1095
65.4996
67.4254
67.6617
65.8747
67.172
66.6948
66.3681
67.0245
68.2606
66.4114
66.2418
66.0789
67.3993
66.8315
66.1683
65.7773
66.3112
67.0164
65.9182
65.9639
68.0139
66.2487
66.1017
66.6002
65.9019
66.0417
67.6547
66.9645
65.6342
67.6374
64.8345
65.1701
67.3996
68.3789
66.0567
66.1013
67.2405
68.7528
66.2366
67.7582
67.0469
68.7854
67.7031
70.0394
69.1707
66.5826
67.2706
68.3963
65.5371
68.1395
67.0778
66.431
68.325
67.3058
70.2242
67.8427
68.2031
66.8997
67.9344
68.5927
67.7412
69.3139
67.0754
65.9254
67.4306
67.9162
68.0597
67.9153
66.4772
69.2928
68.4559
68.8339
68.8282
69.6065
67.0726
68.4503
69.5467
68.2488
68.9951
68.0061
67.9721
67.3564
68.0002
68.4495
67.5103
65.3033
68.3868
68.5909
65.6012
68.4388
66.1814
68.6264
70.162
66.3482
67.8109
68.4308
67.2253
66.8871
68.0975
67.841
68.7361
68.2047
65.8539
67.5773
68.1464
69.2664
68.7807
69.1186
68.7487
68.0815
67.9845
66.649
67.5181
68.1179
67.5336
67.0555
67.7943
67.2372
67.5566
69.3528
68.0144
67.073
69.538
67.4616
66.7569
66.7464
68.7007
69.5099
67.1802
66.9221
67.1592
67.8347
68.2915
67.6334
67.7225
67.8717
69.6385
67.5891
69.6429
68.9258
67.9287
69.2856
70.1906
67.1035
69.1376
70.2636
70.5168
68.7971
67.1702
69.9378
69.4177
68.251
69.959
68.0875
68.1382
69.6811
67.1913
70.2451
67.1873
68.8175
67.8033
68.1159
70.0891
69.4301
69.7321
70.1623
68.5338
68.4858
69.1533
69.5753
69.2423
69.936
68.662
68.0402
71.543
69.5933
68.6358
70.0411
69.3809
70.0195
69.0635
68.5485
69.3374
69.8487
68.7688
68.9855
66.0722
70.2377
68.8543
68.54
68.5077
68.584
68.8593
69.9148
68.8994
68.2663
70.8694
69.5862
68.4751
69.52
68.8779
67.5998
70.2267
68.1114
70.693
69.2087
71.3218
69.5661
70.1594
69.4832
69.608
68.4615
67.6082
70.703
70.7696
70.3478
70.6635
67.4845
69.1732
70.0057
69.1736
70.8903
69.2897
68.5794
67.8914
68.7954
68.2898
69.9188
67.5401
68.9266
70.7655
70.9905
67.3478
67.7074
70.2141
70.4915
69.432
69.9086
71.9743
70.0057
70.4515
69.9928
69.9277
73.1234
70.0196
70.2277
70.7861
69.6623
71.6677
70.7969
70.5396
68.827
69.0615
71.2127
69.5392
70.4251
69.364
69.509
70.8005
70.9272
69.7186
69.145
69.8606
70.213
68.0178
70.0352
71.5493
71.6908
67.6014
70.0746
69.1479
68.9634
70.3762
71.2473
69.6946
68.0402
69.77
68.0294
70.6142
70.2582
70.0394
71.5501
69.7001
69.1754
70.1694
69.4782
69.6444
69.3536
71.1688
69.8976
72.6424
67.9618
69.7501
68.9354
70.0158
70.1876
70.832
70.1391
70.1639
70.3185
71.0211
68.6663
67.4332
70.5022
70.3362
70.6641
70.4898
70.7552
69.2571
69.2138
70.3042
69.5642
69.9898
69.0793
69.7493
70.4085
71.4626
68.3263
70.7453
71.1434
70.3637
70.6886
70.8448
69.5948
71.0888
68.6758
69.5072
70.221
70.486
69.1343
71.4355
71.4212
69.182
69.697
69.0056
69.8454
72.192
72.203
68.9531
71.6667
70.3137
70.1959
72.4185
70.8978
71.579
71.0979
70.251
72.2246
71.5036
71.565
69.8823
71.2461
70.878
70.418
70.967
71.8008
73.2236
70.4175
71.4279
71.9701
70.8358
72.2971
68.9956
70.6126
70.9161
70.2745
71.6728
69.2966
71.4124
69.9371
71.2496
71.6271
72.9032
70.1473
70.7178
70.3768
71.2416
71.9169
70.7736
70.3111
69.6394
71.0194
72.4019
72.009
70.9947
72.8089
71.3186
71.7087
70.1994
70.2198
71.2363
71.9674
71.1603
72.5439
70.0408
71.4147
71.3567
71.356
72.1958
71.2764
70.9243
71.351
71.1614
70.4755
71.0933
72.0478
70.4968
71.0551
71.4653
70.7352
71.1086
73.0283
70.7289
71.7001
70.6218
69.7468
69.0009
68.5344
73.2481
70.9255
71.6341
70.7978
71.1835
71.2772
70.7107
69.6578
71.9768
69.3912
71.3071
71.1224
72.2538
70.7864
70.5827
72.1764
70.3244
69.3634
70.8267
71.8263
70.9951
72.7958
72.5649
73.1279
70.1985
71.9817
72.5316
70.9342
72.1565
71.4339
70.8828
72.0175
71.4822
71.6636
71.5652
71.1957
73.3841
72.0269
72.9862
72.2255
72.5333
74.2337
72.2299
73.5677
70.64
71.1979
72.0374
70.9546
72.2439
71.3216
70.7642
71.472
71.5866
73.6896
72.4571
72.4772
69.8971
72.1108
70.6234
73.3313
71.69
73.4288
71.6548
72.0911
71.7853
72.3011
72.2641
72.0663
72.3765
71.812
70.5002
70.7217
72.7288
72.2441
71.214
73.2252
72.8753
72.6501
73.2091
72.7975
72.4323
71.9667
71.688
72.1219
70.9714
72.2901
72.3104
72.0392
71.5924
70.0771
71.1926
72.0016
70.856
71.2504
71.1979
71.7967
71.5482
73.2344
71.1941
70.5541
73.1372
73.6555
72.9841
73.3522
73.3524
73.5744
71.1361
71.5096
72.9434
72.8095
71.6112
71.6206
72.5496
74.2357
71.3452
71.9245
71.8761
74.0084
71.3898
71.4043
72.3746
73.0856
73.3266
73.5064
72.3693
72.5848
75.1337
71.9929
72.807
73.8107
74.1865
72.2455
74.0062
72.4909
74.1458
74.5039
73.1089
73.5938
73.4658
72.1778
75.2382
72.5015
73.508
72.2928
72.0782
73.216
72.6093
74.0032
73.1034
72.8275
71.8792
73.0861
73.8286
72.6863
73.9018
73.3582
72.933
72.9432
72.6271
73.6543
75.5421
72.3966
72.3446
71.1409
73.7606
73.4159
73.6238
73.7255
72.2439
73.4195
71.7793
71.8049
72.8718
71.8448
73.7012
72.7854
73.0362
74.0575
72.0089
71.9351
71.6958
71.6376
74.2966
74.0524
73.1052
74.6637
72.2176
71.7106
72.7923
73.1101
73.178
71.9961
73.1144
72.4453
71.5733
74.0121
71.3746
73.3311
73.6159
73.3833
73.7786
73.0591
74.6612
73.1642
73.998
73.1834
74.5017
72.5845
74.2776
72.1598
72.8375
72.6648
72.868
74.3644
72.2697
72.8372
73.1241
74.5235
74.6756
76.02
75.6066
73.8101
74.0311
74.868
73.7798
73.0889
74.1184
73.4431
74.9481
72.9624
73.6571
74.7969
73.8499
74.673
74.6974
73.9674
74.3403
73.9763
73.0896
72.8158
75.7838
73.8629
73.6409
74.2181
73.6681
74.5
73.9723
73.1964
73.3978
73.0288
73.9015
74.9558
75.3128
74.8257
75.1026
74.4486
74.4145
76.0963
72.4423
74.4561
74.0113
74.4758
73.5365
74.3443
73.3661
73.5639
74.7752
73.6775
74.506
73.151
73.4921
73.7231
73.8545
73.6972
71.9436
75.0507
75.3609
74.3265
73.8905
73.1966
73.3427
73.0378
74.2854
73.3752
73.6107
72.8112
74.4926
73.5843
74.0017
73.215
74.9403
73.0877
73.2035
74.7629
74.5822
72.1918
74.5271
73.9757
73.0742
73.3148
73.2803
75.748
72.8071
71.8958
74.4251
75.5139
75.3642
72.5162
74.0488
74.1807
74.3666
74.1964
75.2782
73.6337
74.3408
74.3943
73.6237
75.8103
76.1636
74.1605
75.2386
74.6306
75.6943
74.323
75.2723
74.9131
75.3305
73.4439
74.2556
74.2392
75.8254
73.1802
75.9189
76.2701
74.3818
74.3465
76.4653
75.1111
75.4964
74.6493
75.0865
76.7574
74.8567
74.142
73.4533
73.701
75.193
75.0034
75.0833
75.1416
75.6526
74.9963
75.0753
73.4169
76.2551
75.0588
74.0286
74.8511
74.1723
75.287
74.328
72.9767
75.2522
76.5988
77.0761
74.8505
76.1616
75.1046
76.0353
75.1441
75.3727
75.2673
76.0782
75.5486
76.1219
74.2909
73.9334
73.2442
75.1749
74.7147
76.7153
74.1411
75.0801
74.6548
73.0995
75.8912
75.7001
75.4477
76.5929
75.4
73.1453
74.0894
76.1952
75.8046
74.127
74.4565
74.4928
75.407
76.5537
73.8671
74.7972
74.7472
76.3513
77.3065
75.3129
74.5656
74.6509
75.9049
76.4926
74.8985
76.1805
74.214
74.6517
73.2758
73.8893
76.4221
75.5132
75.5868
76.8914
77.1437
76.6491
77.4951
74.9845
76.14
76.3993
76.4831
75.3876
74.7231
75.9042
76.1271
75.7903
76.4346
75.4831
76.1681
74.6587
76.9512
74.9459
75.2456
76.0961
77.374
75.0494
77.2658
75.2298
76.4418
75.8544
77.5362
76.2401
74.9867
75.8967
74.8225
74.9854
75.7873
74.3733
76.6589
75.6755
74.0661
77.4487
77.4044
76.6698
76.8477
77.3246
75.1764
76.9084
76.2011
75.9666
75.9525
75.4846
75.2767
76.4828
77.1953
74.727
76.9778
75.5753
76.7783
76.6594
76.0675
76.8789
76.67
76.0473
74.274
75.9412
75.8805
76.5622
74.8763
76.3615
75.6187
77.0932
76.1457
76.3823
75.7669
76.4274
76.0934
76.5687
76.6192
75.9888
77.0842
75.9881
76.541
76.1047
77.1816
76.1187
75.0661
75.7236
75.7702
76.4561
75.0914
75.3759
75.8358
76.284
75.3422
75.3396
74.9272
75.1633
75.1723
75.4478
75.5671
76.1373
77.5749
75.1007
78.2259
78.1068
77.9782
77.941
77.8096
78.4571
76.9852
76.2269
76.3518
78.6955
74.6694
77.3222
77.1555
77.5393
75.8337
75.9064
77.2117
77.4916
78.0192
77.5391
77.4511
77.7635
76.1838
77.7138
78.2494
77.4896
77.5566
77.0093
77.4018
76.5505
76.8678
75.6446
77.0461
76.8104
76.7715
76.3195
76.8822
77.0302
76.9712
77.6378
75.9269
75.9353
78.183
75.9422
77.2129
78.2316
77.2353
78.6447
75.7472
75.856
76.9011
77.2896
78.015
76.3447
77.5885
76.384
75.3771
76.4958
76.4229
77.4311
76.806
74.554
76.9832
76.6366
77.4989
76.5996
76.6616
76.75
78.6813
77.8944
77.3828
77.2242
79.1369
77.9353
78.1354
76.4299
77.4201
77.0995
75.9928
77.1908
76.7202
76.6068
79.081
77.1907
78.5504
75.1506
75.8248
77.1232
78.6051
77.5648
76.8862
75.8288
76.8098
76.8091
76.0546
76.8145
76.2717
77.2798
78.2271
79.287
77.9018
77.5984
77.5296
78.3691
78.4082
75.2261
76.7777
77.6431
77.7861
76.4292
77.332
78.0705
78.1924
78.2208
76.5263
78.436
79.5394
79.1329
77.759
76.1068
79.928
79.2465
77.4096
77.1695
79.1128
78.7764
78.4797
76.8794
79.3627
77.5396
76.3662
78.9718
77.5163
76.4022
77.418
78.8704
78.1088
77.9082
78.3278
78.6338
78.3302
76.8669
79.7951
79.1924
79.1221
77.6864
79.7671
76.3399
78.2857
77.6391
78.0268
78.2482
79.6832
77.6404
76.7806
78.1662
76.7374
77.7155
77.6231
77.9822
76.9826
77.3665
77.9449
76.3552
79.0301
77.9311
77.8157
78.8719
78.1129
78.559
78.3007
76.363
78.0702
76.3282
80.4521
78.1796
76.7067
79.0285
78.6925
76.0929
77.1262
78.4251
77.8066
79.2239
77.7187
79.6847
79.6397
77.3353
78.8537
78.2245
79.4144
79.3182
77.4613
76.2096
79.2263
78.6023
77.3138
79.0044
78.8001
78.9502
80.9452
78.3613
78.8574
78.4449
80.0939
78.2945
79.1492
79.7649
79.8467
79.8318
78.9294
79.4725
78.628
79.7627
79.5619
78.4477
78.2544
78.9011
78.9883
79.0501
78.9091
79.3509
76.5604
80.3176
79.2799
78.939
79.3032
78.64
79.1892
78.3486
79.2179
80.5556
79.6527
77.6548
78.5237
78.8159
78.4577
79.0006
79.2155
80.3731
77.4984
79.5531
78.913
78.2966
79.2019
79.6819
80.7188
78.3676
80.2718
77.5364
79.7326
79.7876
77.4853
78.3642
79.8683
78.9626
78.9002
79.2649
78.7215
80.1853
78.5091
80.5175
78.786
79.2746
78.41
79.335
78.9771
79.2726
79.5403
78.5582
79.5295
80.4207
79.1121
78.1482
78.0244
81.1669
80.1143
79.9426
78.3064
78.2481
79.1116
78.3138
79.6941
78.5496
78.7501
79.083
79.0762
77.7916
79.0651
79.8642
78.3031
78.3232
79.0475
77.4588
78.4809
78.2396
78.8034
79.8966
79.7214
79.9339
80.1954
77.5986
79.6328
81.4854
80.9344
79.699
80.3074
80.6155
79.8483
79.3207
80.306
81.4526
80.4237
80.1369
78.9535
79.0394
79.5236
80.7357
81.9451
79.3637
80.9051
80.4551
81.6113
80.3039
78.8294
80.8472
79.552
79.0429
80.0484
79.168
80.2254
81.3864
80.8898
81.8601
81.1311
80.4088
81.2133
79.6149
79.6613
80.1049
79.2388
78.1033
80.2975
78.233
78.7002
80.5872
78.9187
79.9502
80.9509
80.7733
80.3472
81.2833
80.6586
79.0686
80.3893
80.0094
80.9128
80.0124
78.6083
79.88
80.0742
81.0283
79.6176
80.9641
82.0879
80.7049
80.6935
79.1003
82.3006
78.4402
78.5088
80.1617
81.3571
79.4976
80.0161
80.0473
78.4144
78.5575
79.1084
79.0029
79.9933
79.2879
81.4241
80.3601
79.0873
79.4132
80.1023
79.2371
80.1354
80.6553
81.0352
79.6902
79.2661
80.1092
80.1807
81.2292
80.0113
81.0311
80.7815
80.1243
79.5056
80.604
81.6825
80.2902
79.9384
79.8454
82.7487
81.068
80.2321
80.352
81.2543
79.177
81.6778
81.4837
81.1281
80.8914
79.2949
80.3121
82.0022
80.0104
82.4271
79.3516
81.7246
82.1629
81.9158
80.8715
81.0382
81.1671
81.1169
80.3887
79.6128
81.193
83.1104
80.5911
81.2208
79.921
83.4972
82.1983
81.5447
81.4558
83.2516
80.587
80.6974
81.4922
81.6999
82.1147
81.4708
80.973
80.9468
81.1209
79.4295
81.6865
81.4623
80.8139
80.2386
79.7326
81.55
81.013
80.5671
79.8344
79.3057
79.7456
79.5608
81.777
80.1445
81.4537
80.0439
81.293
80.7948
79.6337
82.5982
80.4999
79.8764
80.1417
79.5144
81.3082
81.7113
81.2451
81.6361
81.4026
81.1367
82.5858
82.2818
80.8494
81.029
81.3896
81.718
80.148
79.9428
81.9824
81.1668
80.5407
79.0861
81.7085
79.7938
80.5328
80.2711
80.5534
81.5426
83.9535
81.8193
82.3318
80.4706
80.0471
81.5913
81.705
81.4577
82.5363
81.9119
80.7386
81.1341
81.8642
82.3295
81.3777
82.5281
81.9825
81.928
80.8647
80.3513
80.0003
82.4775
80.2667
82.8491
82.2766
83.8762
80.7594
82.0556
85.2685
82.6535
81.2434
82.1113
80.2947
80.4032
82.8156
82.5473
80.6928
80.431
82.9005
82.3403
80.6117
81.0144
82.0943
82.4621
81.3133
80.9167
83.2952
81.4793
80.1156
82.0757
81.1755
80.6585
82.9297
81.1403
82.1821
80.9775
81.4176
81.1904
81.4983
81.0777
81.9707
81.2585
82.4421
82.7194
82.6707
81.7776
80.7686
80.7793
81.1781
82.0097
81.5898
83.1377
82.2407
81.9459
81.6501
83.3097
83.2114
79.7141
81.161
81.5702
82.9808
80.4514
82.4819
82.6248
82.5007
81.7103
84.2648
83.0594
81.5873
82.3909
81.5906
80.997
81.4663
80.7808
81.8694
80.6358
81.313
81.9714
80.9668
84.6359
84.2787
83.3945
81.0014
82.9387
83.9162
83.3337
83.6462
82.6304
84.1641
81.3256
83.9956
83.541
82.3999
81.899
81.1887
82.8427
84.6836
82.7111
82.1773
85.2021
83.3177
85.1768
84.9036
82.76
84.117
81.0046
83.5778
83.5653
83.1083
81.727
83.3803
83.8147
81.6053
82.9238
83.752
84.0054
82.0201
84.0609
83.1424
81.8847
85.2362
83.4485
83.3368
82.5509
82.3771
82.6968
81.6375
80.887
81.0996
82.5325
84.4413
82.8741
83.6413
82.1277
82.8016
82.602
81.968
83.6222
82.8953
82.9951
84.1707
83.6424
82.5566
82.5018
83.2792
82.9339
82.4446
82.6527
83.8184
83.2952
84.1874
82.7735
83.6758
81.8397
82.2453
84.7973
83.6536
83.8891
82.8337
81.5947
83.263
82.6098
83.7301
80.6624
82.759
83.181
85.065
82.4802
81.7472
81.8103
82.4271
82.3369
82.8773
82.1069
83.4981
83.0426
83.3079
82.8045
82.696
83.3518
84.2455
82.9715
86.0445
84.919
85.0902
83.2709
84.2893
84.4074
84.8248
83.5436
82.6112
84.3187
85.5058
83.1928
84.2817
82.0717
83.521
84.3819
83.2141
84.1708
81.8625
83.5372
84.4258
84.8735
84.8072
82.5575
83.3032
86.2685
84.8277
85.0754
85.5336
84.288
84.0085
85.244
84.0271
84.3986
84.309
84.1889
83.8044
82.6636
84.2125
85.4272
85.0489
82.5135
85.4528
84.3099
84.4331
84.2861
85.5361
84.9455
83.9672
83.341
83.7683
84.6652
84.5542
83.4831
86.1141
83.7093
83.4724
84.2017
84.6518
83.0385
83.6245
83.4737
83.8011
85.6904
83.888
80.9302
83.2015
85.6195
83.5636
84.0059
83.0526
82.9636
83.5874
84.9354
82.8522
82.684
84.4777
83.4901
84.8867
84.7963
84.2218
83.3973
84.7337
84.3481
84.6881
82.8077
84.5025
84.61
83.5896
84.2455
83.4728
84.516
84.7418
84.5158
83.7363
83.8867
83.6423
84.897
85.3065
85.6467
83.8883
85.8958
83.9079
85.0319
85.1955
85.7562
85.1958
87.0942
84.1259
85.5334
85.7115
84.7952
83.9034
85.6299
83.4946
85.332
85.2793
84.6115
81.8958
84.2421
85.2433
83.8944
82.5714
85.2987
85.9749
85.1491
85.8047
84.1581
84.1142
83.807
85.8516
85.4822
86.9849
84.8688
83.4383
85.6876
84.0211
85.4439
83.4876
83.7171
84.3182
87.4618
84.5824
85.1669
84.983
85.5022
85.2746
85.871
83.458
84.6118
84.1956
83.3068
83.4283
84.2741
85.9491
84.9706
84.8665
84.9766
83.6044
86.7255
85.1773
84.2229
85.2481
85.477
84.412
83.2548
84.9228
85.2567
84.4343
85.0307
83.3115
86.1332
85.1659
86.0705
85.3275
85.7052
84.539
85.8685
84.6916
84.2354
83.9198
84.3658
85.6847
85.1043
84.5049
85.536
85.2188
85.461
84.6247
86.0234
86.3866
84.2329
84.1276
85.1295
85.2615
86.9197
86.0042
85.0296
86.1939
84.1446
85.2559
87.3664
84.7469
83.9727
86.5933
85.676
86.2764
88.2039
85.5102
86.5063
87.2702
85.53
84.4056
86.3905
84.8014
85.8416
85.878
85.2169
85.9904
86.5244
84.7364
87.0416
85.1909
86.4459
86.1869
85.8665
84.457
87.607
86.5636
85.1702
85.3913
85.9794
85.2241
85.802
84.1521
87.1147
83.5065
87.695
85.7045
87.2352
85.2844
86.9673
84.733
85.9284
85.6841
86.8211
86.8895
85.9351
86.2931
85.3262
85.9463
88.0236
84.6528
85.2714
86.0118
86.0227
86.0799
86.5548
83.2995
85.9726
85.356
85.3801
84.2378
86.9302
88.4948
86.2671
84.8249
86.1658
85.7185
85.2518
86.8388
86.4961
86.8927
85.6703
86.2335
83.8718
84.8254
86.3112
86.1911
85.6698
85.7462
86.8222
87.1309
86.5197
86.4498
87.0007
84.3455
87.3549
87.5539
85.8537
86.9298
86.0279
85.7698
85.876
85.4487
86.7892
85.3584
86.0757
87.8904
87.4004
86.1978
87.2022
86.2217
87.3541
87.0048
87.5442
88.3023
87.8523
86.2157
86.6287
87.1027
87.6838
87.1393
85.1013
86.223
87.1388
86.0924
86.9966
87.0847
86.0616
86.5536
87.4309
86.5695
86.7074
87.2142
86.0427
86.9424
87.3139
88.857
86.0586
86.6429
87.5157
86.9827
87.7283
88.5092
86.2574
88.0083
85.1116
88.1286
86.4582
86.5288
84.5462
86.6481
88.0879
86.1006
86.1884
86.3088
86.2921
85.4268
86.9678
89.7101
87.2758
86.6256
86.2186
86.9353
87.8608
88.0936
85.3808
87.5569
87.8482
86.8617
87.1696
86.7556
87.4413
87.199
85.8656
89.0425
87.3121
86.8961
86.4736
85.8194
88.2697
86.1098
87.0578
85.8116
86.7448
87.012
87.429
86.4734
87.5824
88.093
85.2612
87.1377
86.881
88.7626
88.2004
86.8861
89.2321
88.1129
86.0078
87.4414
84.5956
84.6105
88.6183
87.4127
86.7447
88.2408
88.6619
89.8597
87.8602
88.9969
90.1701
87.9865
86.0533
87.8749
88.1473
87.9079
89.1476
89.5397
87.068
88.4859
87.9799
86.8949
86.5235
86.7801
86.802
89.1574
88.9831
86.8807
88.3903
87.9871
86.3533
87.4908
86.8552
88.3445
87.8827
88.8813
88.7246
85.8204
88.8376
87.3432
87.8309
87.9932
87.5141
85.6413
87.984
90.3582
89.6365
87.1628
89.1145
86.4625
88.1951
89.869
88.7151
88.0137
86.9979
87.7003
87.1477
88.2914
87.253
88.7133
88.9604
88.1128
87.6323
87.1241
88.7298
88.2905
88.7696
88.0597
89.6661
87.9126
88.2741
87.8579
88.8396
87.4461
88.487
87.1727
87.2572
87.8553
88.3634
85.6424
89.3717
87.5134
90.068
87.8131
86.3355
87.5669
89.3436
88.9844
88.6749
87.6847
89.5055
88.6502
88.9042
89.1581
89.0573
89.4606
89.1692
88.8397
87.4741
86.847
88.3857
85.9566
86.9642
86.1167
89.4888
87.6517
88.392
86.8599
89.0133
88.3232
89.2549
88.6611
88.7645
90.6263
87.6315
87.7295
89.2017
89.7608
89.4266
88.6858
86.8213
88.7006
87.8523
88.2907
90.5186
87.4169
90.1911
89.5529
88.5651
90.3242
90.021
89.9027
89.1976
89.8816
88.637
89.7168
91.2904
88.3281
87.8524
88.3502
89.4387
88.9958
88.933
89.6295
89.197
88.4974
89.1589
88.4975
89.031
89.5107
87.48
89.3619
89.1832
89.9505
91.024
90.2172
88.9801
89.1279
91.8984
90.0296
86.7921
89.0247
90.3341
89.9089
88.9019
87.8149
89.8323
87.7185
88.8053
88.8164
90.6317
89.6618
87.4744
89.9616
88.2254
88.5743
88.7088
88.2998
89.0151
87.9321
89.0638
88.9352
87.478
90.3579
88.0472
90.7867
89.4305
87.2227
88.7131
88.787
89.5209
89.1481
88.7005
89.4741
90.8744
89.2945
89.3421
89.1403
89.2691
90.3145
89.3116
89.8322
88.5442
89.4584
86.9223
87.1904
89.06
88.8536
90.5731
89.3021
88.2702
89.36
90.1388
90.3212
89.1924
91.7943
89.8711
89.9882
92.5236
90.0142
91.9732
88.6157
90.857
90.8483
90.9368
88.7949
89.4902
88.4397
91.0898
90.9449
88.5247
89.5034
89.216
89.7277
89.4407
89.9379
89.2572
89.9666
90.7678
89.786
88.4005
90.2939
91.5405
90.7881
90.1317
90.806
89.9534
90.1121
89.5651
91.2249
89.5328
90.9024
89.7108
90.4484
92.1153
91.4148
89.3203
90.1867
89.8218
91.5172
90.2493
90.008
91.2139
90.4397
91.7554
89.5419
91.0813
90.6317
89.3414
88.8844
89.7675
91.3076
87.8033
88.9845
88.9808
90.5966
89.1645
90.8399
88.77
90.0116
90.4875
90.1895
90.4266
89.9936
90.1383
90.6204
90.3135
91.2191
90.3016
90.4721
86.5614
89.6493
90.1669
91.191
90.2559
91.3093
89.9083
88.034
91.8213
89.2203
88.7109
89.6276
90.5321
90.6284
90.7264
90.6809
91.177
89.1242
91.6101
90.7373
90.0224
89.7338
88.8181
89.2938
91.6975
90.9014
93.2584
91.5453
90.5223
91.1234
90.1484
89.9733
91.1318
90.9039
88.5587
91.8422
90.9482
90.7627
91.4137
91.5822
92.1148
90.0836
89.9288
90.0582
92.7724
90.2309
92.1712
90.2093
92.6429
91.1522
89.5282
91.0844
90.7905
89.5421
92.1222
92.7811
90.3549
91.074
90.8188
90.7965
91.1865
91.4521
91.0016
92.1345
90.006
91.0968
92.5881
92.9359
89.509
90.3161
90.5838
89.8976
89.7334
90.437
91.8174
89.8547
91.0133
92.3328
92.9396
92.0213
91.756
91.846
90.3178
92.1928
93.0048
91.8489
88.5621
91.0779
91.9178
92.5284
90.8515
89.7674
90.1591
90.6542
90.1257
91.3603
90.8247
89.7052
91.2302
91.0734
90.5898
89.8373
92.1808
91.4937
89.8844
90.4537
90.8358
91.3248
89.5588
91.6634
91.5085
92.0921
91.3914
89.7038
90.4021
89.8718
92.0572
91.7335
92.6442
92.753
91.0947
92.1192
91.0389
91.4511
92.6779
91.6252
91.4245
92.9888
92.9436
91.2234
92.9618
91.0021
94.3154
91.5785
91.9084
92.4212
92.9825
91.4054
90.4629
92.0409
93.1984
92.2007
93.6503
92.083
90.5886
92.0471
90.8833
91.7624
92.5349
92.5307
92.0644
91.155
91.5193
91.0495
91.0327
93.6144
93.5638
89.4505
91.9131
93.3151
92.9563
91.6846
93.048
93.8469
92.3798
91.3265
91.1629
92.1514
90.5263
91.9718
92.0541
91.9635
93.5016
90.9506
91.5642
91.7619
90.8662
91.7094
92.9676
91.425
92.4812
92.1901
92.4028
91.0797
91.6436
90.9383
91.4875
93.0389
93.6558
90.2066
92.6332
91.0167
92.4289
90.5351
92.3486
93.4487
90.9245
92.4012
93.4261
92.2217
91.5598
93.6173
91.7815
92.8817
91.8869
93.9832
91.7431
90.2128
91.1797
93.1739
93.0808
91.6395
91.7136
91.8525
92.599
92.3292
93.403
92.6303
94.4069
92.3968
93.9077
91.5759
92.5015
92.1629
91.7685
92.8581
91.6543
92.8837
92.5771
93.6547
92.0529
92.4796
93.225
94.6083
91.2838
93.2553
93.443
91.6751
92.7523
92.0411
92.3636
93.0814
92.9523
93.6287
93.4603
92.3683
92.7119
93.4993
92.0059
91.8328
93.5528
92.2268
94.3202
94.0055
92.156
92.5968
91.2303
92.7294
93.0356
93.3354
92.9037
94.5715
93.9342
93.4065
94.3926
93.5484
93.8783
94.4284
93.0195
92.2373
93.0464
90.9245
93.1587
92.9777
93.0507
92.7416
93.2042
93.7658
93.8343
92.3481
93.3803
92.0292
92.5443
93.6413
92.1482
92.4237
93.5134
91.9942
92.3906
92.878
92.9464
95.1813
91.2053
92.5908
92.2207
94.0238
91.6983
91.8616
91.0417
93.4949
93.1779
93.5085
92.6967
93.4512
95.0353
93.5538
92.374
92.5578
92.1133
92.8848
92.5342
93.0215
93.6317
94.839
93.4287
91.6301
93.7581
92.48
92.824
94.3137
93.1085
93.0597
92.6412
94.1377
95.3791
94.1898
92.7279
94.4628
93.8916
93.6815
94.0132
94.1741
94.3123
93.7168
93.7878
95.306
93.8041
93.6362
93.1368
94.1292
95.4731
92.905
93.2899
93.0058
95.5831
95.4686
94.8136
91.9269
95.1732
94.7102
95.139
93.9859
95.1739
93.8721
94.1952
95.7544
94.0978
94.2997
93.6335
93.6487
94.4316
92.0575
94.4157
95.1038
95.0355
92.2413
93.8255
94.4615
93.4112
94.0152
92.6042
95.5351
94.7873
95.1254
92.7769
95.4125
93.8989
92.9017
95.3138
94.225
95.0193
95.9952
94.3005
93.7908
93.0689
94.3979
95.4935
93.8416
92.5004
94.5302
94.2392
94.3281
93.8293
92.0041
94.8184
92.3762
94.5736
93.1606
93.0184
94.1948
93.2113
94.7306
95.0677
93.1111
94.0052
94.387
93.1297
94.7235
94.0575
93.4908
92.6916
94.1341
94.3392
94.4808
92.0769
93.5912
93.7207
94.1056
95.046
95.1496
93.924
96.1334
93.4436
95.6044
95.7525
92.9417
95.2775
93.2801
94.6088
93.5914
94.1324
94.4213
96.078
94.7942
95.4874
93.9078
94.2704
96.5606
94.9321
94.8637
96.0203
93.4821
94.3122
94.6839
94.3196
96.4041
93.3709
93.644
94.3263
94.3465
96.878
96.1037
94.1622
94.4614
95.3851
94.1143
95.7036
94.8895
93.8046
94.8652
95.0328
93.1507
95.6452
96.0808
95.0062
96.3365
95
94.9679
93.837
95.5255
95.918
96.1601
94.7545
95.0173
94.9876
96.7855
94.8325
94.2293
95.7414
96.4109
94.4849
93.1601
94.418
94.1927
94.4493
93.8611
93.8323
94.7727
92.5902
95.4746
96.4592
95.0379
95.5705
94.6884
93.373
93.4867
94.7981
94.0283
93.8702
95.2977
93.7454
95.2317
95.4947
94.7167
94.6201
94.5326
94.8584
95.1003
95.717
94.847
95.8157
96.1362
95.8907
97.0468
94.5296
95.486
97.209
97.1597
95.8385
96.7522
94.7032
97.6246
97.0523
97.2544
96.0451
94.3278
96.8039
96.6475
96.1974
97.408
98.2035
96.7829
96.3167
96.3032
96.3799
96.273
95.6916
97.6767
95.5621
97.0011
96.0136
97.8681
95.243
97.4223
93.6751
96.0449
96.2273
95.1932
97.2724
96.0353
97.6952
95.3789
97.9096
94.5726
95.949
96.0222
97.64
97.1712
96.2946
96.8476
96.9937
97.0061
93.7595
97.3877
96.2838
96.8111
96.1897
96.141
96.0579
96.5522
97.6914
96.191
97.1177
96.7551
97.2303
96.1541
96.7649
96.5875
96.4238
97.2793
96.0556
96.5436
94.2885
97.3984
94.1621
95.6514
94.6245
96.6498
96.1716
97.0109
95.2968
95.7716
96.0072
96.0886
95.6955
96.3345
96.5287
96.423
95.9042
97.7394
95.8755
96.1403
96.8384
96.4246
94.5213
95.9556
97.1324
95.2155
93.9361
96.0397
96.2893
95.9908
96.3269
95.2083
96.8521
94.3561
96.4989
97.2661
95.5912
96.5466
97.1151
95.0147
98.1729
96.4433
96.5497
96.7271
97.8862
95.2583
98.1192
95.4717
96.8691
97.6581
97.9004
97.3575
97.2083
98.641
97.0677
95.7699
96.3556
97.5597
96.8655
96.6504
95.484
98.5665
98.0636
97.8873
96.7808
97.0962
95.7312
95.3244
98.0617
97.2089
95.0843
95.308
97.7471
97.0662
95.4406
98.8346
96.9522
97.4439
96.3204
96.5021
97.8875
97.0994
95.7486
95.7128
98.0062
95.9858
95.8619
95.4368
96.1519
97.9809
95.6728
98.3457
96.7521
95.0377
96.1796
98.2062
97.4832
96.3397
95.7429
97.171
96.0236
98.2847
97.547
96.4941
96.1804
95.4848
95.2874
95.0916
97.9768
95.9603
95.9914
96.1145
95.8325
97.6268
95.2792
96.5622
97.2994
96.6636
97.6184
99.2509
97.0827
97.1853
96.7313
96.7663
95.5081
97.8897
97.9997
96.7106
96.2588
97.0583
97.1053
98.3874
96.0305
97.2102
96.2624
98.2611
97.9899
96.8279
97.7694
97.2494
100.777
97.9099
99.2915
97.7152
96.1975
98.5507
98.6288
98.9811
99.521
98.8253
97.6334
96.7402
97.9047
97.9488
98.5207
98.0339
96.6821
98.9164
98.4052
100.043
97.3543
98.823
97.3895
99.1916
95.6945
97.6483
99.8242
97.0667
99.353
99.787
96.8687
97.3003
96.9065
97.8
99.2316
96.788
97.6733
98.0847
98.6347
98.7451
97.5223
98.5174
97.9121
97.6665
99.0407
97.5354
97.6591
99.2866
97.8817
97.5189
100.239
99.0415
98.9401
97.9857
96.5366
97.8794
97.3822
98.2215
99.5036
97.0418
98.1061
98.9128
97.2646
98.4763
97.9724
97.314
97.9584
97.445
96.6148
97.6964
97.8164
96.7744
96.2221
99.2499
96.7357
97.6478
97.1485
97.6954
98.6619
98.0873
97.8151
97.6484
98.187
98.3115
98.3128
97.3526
97.1487
98.0858
99.3835
97.7196
96.5917
98.6057
97.6219
96.6772
99.814
98.8474
97.9641
100.698
100.786
100.665
98.6931
99.5877
97.2147
99.5127
98.0915
98.8037
97.4161
99.0519
98.7864
98.7097
97.647
99.872
100.343
100.185
99.4149
97.9428
98.9068
98.2795
97.6665
98.3189
99.7768
99.0246
99.9294
100.228
99.4908
99.1777
100.928
98.0224
98.6676
97.802
100.562
97.4597
98.2753
98.8135
97.5297
97.2518
97.699
96.8667
98.6603
99.6531
98.6609
99.1846
99.0837
98.4757
99.7074
97.4514
96.8568
100.346
98.2784
98.8663
100.83
100.449
98.6907
99.7684
98.9859
99.2278
100.166
98.7974
96.5777
99.9445
99.6929
99.4782
98.5981
98.5497
99.6056
98.6851
99.5416
100.422
97.9867
96.7969
97.1974
99.9587
97.4056
98.9984
98.9343
101.731
98.1285
99.5767
99.4006
100.863
99.6089
96.9679
99.8235
97.9384
98.0255
98.5993
96.9314
97.2125
99.2965
100.17
99.9565
98.4033
99.8536
98.8288
